tree
version=v4
num_class=1
num_tree_per_iteration=1
label_index=0
max_feature_idx=39
objective=regression
feature_names=price log_price ret_1h ret_6h ret_24h ret_72h ret_120h ma_5 ma_20 ma_60 ma_120 ma5_over_ma60 ma20_over_ma60 ma60_over_ma120 vol_5 vol_20 vol_60 dd_60 dd_120 momentum_z_20 momentum_z_60 accel vol_total_5 vol_total_20 vol_total_60 vol_ratio_5_60 vol_zscore_60 buy_ratio_20 buy_ratio_60 buy_sell_imbalance_5 n_trades_5 n_trades_60 high_low_range_5 days_to_resolution log_days_to_resolution pct_from_peak_24h pct_from_peak_72h pct_from_trough_24h pct_from_trough_72h lifetime_pct
feature_infos=[0.001:0.99900000099899999] [-6.9077552789821368:-0.001000499333583541] [-6.0638561019063859:2.8134107167600364] [-5.8902515606666501:2.8902775500665667] [-5.9559408449950384:3.6763454161844189] [-6.5572464784864373:4.6598950856773378] [-6.7684932096486286:4.2626798770413155] [0.001:0.99900000099899999] [0.0010000000000000002:0.99900000099899999] [0.001:0.99900000000000011] [0.0010000000000000005:0.99900000000000022] [0.0071078733588821391:6.4983660979751496] [0.01524827580451571:2.7035212137937465] [0.019741461655743399:1.8951395316505824] [0:2.4847308352347404] [0:1.4968761980729905] [0:0.92255649173513332] [0:0.99868421051228073] [0:0.99885057471034477] [-1769.4538597099588:727.04670984042343] [-508.67723554438595:950.52861794072271] [-2.8902775500665667:5.8902515606666501] [0:7366817] [0:11998461.751] [0:21616233.361000001] [0:0.99999999992761313] [-1.1142837726169632:2762934400] [0:1] [0:1] [-0.99999999998165445:0.99999999999888578] [0:511] [0:982] [0:116.05226724901804] [0.2537152777777778:13.999131944444445] [-1.3715425943328194:2.638995323724679] [0:0.99767458346675797] [0:0.99868421051228073] [0:65.434782608695642] [0:210.25] [0:1]
tree_sizes=2819 2891 2891 2889 2881 2879 2881 2874 2892 2883

Tree=0
num_leaves=31
num_cat=0
split_feature=34 28 35 2 3 37 18 5 1 8 15 23 34 35 31 28 29 38 34 23 7 28 7 24 3 24 6 13 31 37
split_gain=446.07 5539.94 124.651 50.757 34.8876 29.5361 25.6118 25.5416 18.1858 21.9235 15.5849 20.0702 12.4798 18.588 10.4664 10.2135 13.6628 9.50024 8.806 8.06865 7.93089 10.665 8.38495 7.85479 6.94476 5.4902 5.40814 14.4919 5.37347 4.88491
threshold=-0.5249586303586754 0.48800847868432878 0.49741320240780657 -1.0921605862501556 0.2513144287809061 0.75000000255526944 0.70588623023171471 0.59202610383646581 -6.9073663829679512 0.1191385349123243 0.42002408586820783 971.95134950000011 0.41097074848402043 0.74999999965434727 10.500000000000002 0.73520500833705993 0.50080943564824432 0.086516281390076777 2.5437681896027207 30704.625563500005 0.0030000000003000005 0.80081239158155648 0.0012030084982746377 24614.506062000004 0.60606228873751122 8882.9579655000016 -0.81444643641490577 0.80331549888778919 21.500000000000004 0.9999981139998938
decision_type=2 2 2 2 2 2 2 2 2 2 2 2 2 2 2 2 2 2 2 2 2 2 2 2 2 2 2 2 2 2
left_child=1 -1 4 -4 6 7 29 10 -3 -10 12 -12 19 28 -15 -16 -17 18 26 -5 22 -22 -13 -7 -6 -26 -8 -28 -14 -2
right_child=2 8 3 5 24 23 17 -9 9 -11 11 20 13 14 15 16 -18 -19 -20 -21 21 -23 -24 -25 25 -27 27 -29 -30 -31
leaf_value=0.57183569898412989 0.03914318820634749 0.057770330152774427 0.087688542802865616 0.042907045889488363 0.03406329089555292 0.041504145677728234 0.044791784231682182 0.08600592074004354 0.015927195123536464 0.039614112971355253 0.087718796135379473 0.04841591294936877 0.043817114092383168 0.041319828210401581 0.055380537308951636 0.090931699828810719 0.058996837224681714 0.041661293038137634 0.066563757177641403 0.021410652962328875 0.032852692231838489 0.062911990115618127 0.073076973955886471 0.026580887831884122 0.031032648989198521 0.020749866505216343 0.068547858658445787 0.043735555990687472 0.050021303695891445 0.034616537551935014
leaf_weight=53 21484 83 86 303 689 216 480 50 141 318 55 60 559 57 139 66 68 756 69 51 72 50 81 149 290 235 100 143 929 613
leaf_count=53 21484 83 86 303 689 216 480 50 141 318 55 60 559 57 139 66 68 756 69 51 72 50 81 149 290 235 100 143 929 613
internal_value=0.0411042 0.0839416 0.040189 0.0498326 0.0390287 0.0487119 0.0394532 0.0506231 0.0362324 0.0323377 0.0499126 0.0602507 0.0483991 0.0500715 0.0608073 0.0648761 0.0747259 0.0456705 0.0494974 0.0398101 0.0545064 0.0451721 0.0625829 0.0354122 0.0307622 0.0264299 0.0478686 0.0539464 0.0476906 0.0390176
internal_weight=28445 595 27850 2991 24859 2905 23645 2540 542 459 2490 318 2172 1818 330 273 134 1548 792 354 263 122 141 365 1214 525 723 243 1488 22097
internal_count=28445 595 27850 2991 24859 2905 23645 2540 542 459 2490 318 2172 1818 330 273 134 1548 792 354 263 122 141 365 1214 525 723 243 1488 22097
is_linear=0
shrinkage=1


Tree=1
num_leaves=31
num_cat=0
split_feature=33 9 18 2 37 3 14 29 11 7 39 12 38 26 14 9 39 12 5 7 39 21 31 23 33 19 26 18 31 21
split_gain=416.318 5397.16 105.803 50.9381 41.8675 24.128 18.8062 30.9767 16.327 14.5781 29.9994 19.921 13.0346 17.5335 9.31791 9.07443 11.7906 9.09914 18.8739 7.9434 7.79312 6.61391 20.8528 5.9212 8.95218 4.93097 15.4224 4.96667 4.84156 4.2525
threshold=0.58073495370370376 0.0025315868263473063 0.6842391814547879 -1.0921605862501556 0.75000000255526944 0.2513144287809061 0.4144685406999738 0.76951647846129123 0.60676680070789624 0.002000000000300001 0.23076923076923092 0.99911707387481208 0.086516281390076777 -0.42612063004994954 0.089257420525683931 0.0088338512777685098 0.038461567758602398 0.99900020795305233 -0.33985363168462673 0.0030000000003000005 0.02189781128990664 0.68400107325972148 61.500000000000007 5537.2680355000002 3.4252951388888895 4.5883146774111792 -0.17915645554698612 0.49543278595000007 212.50000000000003 -0.29109597553886529
decision_type=2 2 2 2 2 2 2 2 2 2 2 2 2 2 2 2 2 2 2 2 2 2 2 2 2 2 2 2 2 2
left_child=1 -1 5 -4 6 20 12 19 -9 -3 -11 -12 13 -5 -6 16 17 23 -19 -8 25 29 -23 -15 -25 27 -27 -2 -17 -14
right_child=2 9 3 4 14 -7 7 8 -10 10 11 -13 21 15 -16 28 -18 18 -20 -21 -22 22 -24 24 -26 26 -28 -29 -30 -31
leaf_value=0.53338972320597555 -0.0012241593497695131 0.017748155887620371 0.04508811040178818 0.031699544894287272 0.0036448007410702608 -0.0092415225235119806 0.017336737293373334 0.023928758233566494 0.061566560804843906 -0.026574825999305419 0.029473825849592683 -0.0049249665223125936 0.011703440634362204 0.005169375166939251 -0.011285380069581973 0.0056415280580314944 0.02863836458924672 0.036128940394726299 -0.00050563288189597053 -0.0038480203704569834 -0.0019189683377897147 0.035251683337164337 -0.0075239824403459873 0.0058181379140088601 0.027197377993885816 -0.0049073637152711553 0.031907052833586934 0.0031324725078161596 -0.0089624394017622858 0.00063845996104070163
leaf_weight=51 1714 61 85 84 144 1072 89 68 50 151 50 266 95 580 381 815 92 87 59 88 19805 58 56 112 87 66 50 1058 61 1010
leaf_count=51 1714 61 85 84 144 1072 89 68 50 151 50 266 95 580 381 815 92 87 59 88 19805 58 56 112 87 66 50 1058 61 1010
internal_value=0.000240363 0.0422044 -0.000631567 0.00678503 0.00597433 -0.00191141 0.00795411 0.0200333 0.039877 -0.0052396 -0.00824229 0.00051788 0.00683917 0.00934651 -0.00719024 0.00835462 0.0115675 0.00986965 0.0213246 0.0068042 -0.00156514 0.0027727 0.0142391 0.00772277 0.0151648 0.000861293 0.0109609 0.000438653 0.00462459 0.00158975
internal_weight=28445 579 27866 4101 4016 23765 3491 295 118 528 467 316 3196 1977 525 1893 1017 925 146 177 22693 1219 114 779 199 2888 116 2772 876 1105
internal_count=28445 579 27866 4101 4016 23765 3491 295 118 528 467 316 3196 1977 525 1893 1017 925 146 177 22693 1219 114 779 199 2888 116 2772 876 1105
is_linear=0
shrinkage=0.05


Tree=2
num_leaves=31
num_cat=0
split_feature=34 9 17 2 37 37 12 25 21 35 1 39 12 28 26 1 34 17 12 32 1 24 34 6 34 13 13 26 9 3
split_gain=363.153 5035.6 103.959 40.7306 28.8012 26.0152 22.3373 25.6566 20.7471 15.7352 12.0667 25.0306 18.1663 10.7529 16.491 12.6753 12.5785 10.8011 9.04461 7.1905 7.00578 11.2238 13.5728 7.68915 6.37501 6.28253 10.8051 7.40999 6.52573 6.1099
threshold=-0.5249586303586754 0.0021839991916869062 0.66666666655825368 -1.0921605862501556 0.75000000255526944 0.9999981139998938 1.0032223660534594 0.0015335139802587566 0.68400107325972148 0.38461538510769239 -6.9073663829679512 0.23076923076923092 0.99911707387481208 0.7877124577522211 -0.35739168760020507 -6.3029203866425307 0.049175892175225493 0.73900966183574901 1.131835224801131 0.15216455359386213 -4.961844845953288 2.1016625000000002 2.3206989601825363 -1.7897787215356662 -0.73532057839590459 0.98325279538767718 0.91187616450155462 -0.25368137853707423 0.004984383747382728 0.60606228873751122
decision_type=2 2 2 2 2 2 2 2 2 2 2 2 2 2 2 2 2 2 2 2 2 2 2 2 2 2 2 2 2 2
left_child=1 -1 5 -4 6 9 13 -8 18 20 -3 24 -13 15 -15 -5 -17 -16 -9 -6 21 22 -2 -23 -12 26 27 -19 -29 -7
right_child=2 10 3 4 19 29 7 8 -10 -11 11 12 -14 14 17 16 -18 25 -20 -21 -22 23 -24 -25 -26 -27 -28 28 -30 -31
leaf_value=0.51911125979945072 0.0015653281650018125 0.016590900305789292 0.042292771367139596 0.011264071971751177 -0.00067749354177651638 -0.0058071753713682308 0.052859617962755949 0.019747579666957456 0.040277876583172285 0.003694378515173985 -0.030639822293636862 0.027727883369844483 -0.0047815611162956382 0.034912162161314153 0.0014119815588371405 -0.019758245551875279 0.0027962567487665136 0.031467593504115939 -0.0028541139010691417 -0.015996972618507237 -0.0019022705950099137 0.017598399013036586 0.032855426589563745 -0.00037701544351361903 -0.0097594674270261427 0.0035482722746653368 0.037925878327058737 0.024628779611621913 0.0066779828919138447 -0.012676498702461438
leaf_weight=50 84 57 86 468 193 939 55 76 61 1514 109 51 273 71 259 67 799 50 106 127 19414 61 59 2407 55 113 53 65 229 494
leaf_count=50 84 57 86 468 193 939 55 76 61 1514 109 51 273 71 259 67 799 50 106 127 19414 61 59 2407 55 113 53 65 229 494
internal_value=0.000228345 0.0388798 -0.000597423 0.00840108 0.00735714 -0.00163449 0.00918427 0.0220218 0.0150421 -0.00123631 -0.00517812 -0.00772081 0.000335666 0.00742456 0.011856 0.00463418 0.00105128 0.00972723 0.00658396 -0.00675741 -0.00157524 0.000856371 0.0144752 6.72715e-05 -0.0236373 0.0139501 0.0169108 0.013673 0.0106467 -0.00817525
internal_weight=28445 595 27850 2878 2792 24972 2472 298 243 23539 545 488 324 2174 840 1334 866 769 182 320 22025 2611 143 2468 164 510 397 344 294 1433
internal_count=28445 595 27850 2878 2792 24972 2472 298 243 23539 545 488 324 2174 840 1334 866 769 182 320 22025 2611 143 2468 164 510 397 344 294 1433
is_linear=0
shrinkage=0.05


Tree=3
num_leaves=31
num_cat=0
split_feature=33 28 35 3 3 18 39 33 3 1 10 3 1 1 16 34 28 7 4 33 27 17 37 37 14 14 16 33 27 16
split_gain=341.67 5045.96 94.8045 34.4303 29.2991 27.4303 17.2764 18.4283 22.8522 16.2991 13.8242 9.70892 9.47499 17.3398 8.8551 8.61909 7.40129 10.2566 8.35715 8.17601 9.75595 6.58929 6.17381 5.56455 5.38492 5.34936 5.10949 4.6377 12.9467 4.18788
threshold=0.58073495370370376 0.48800847868432878 0.61152659429063683 -1.6989878944460068 0.2513144287809061 0.70588623023171471 0.014428526056812909 1.3897569444444449 0.002205886471597467 -6.3029203866425307 0.0059985999452499376 -0.33647217689951242 -6.2135175766485737 -1.966112855144261 0.41642492835803269 0.52301491579871551 0.73214077774119135 0.0030000000003000005 -0.85584149797811937 4.8941087962962966 0.94540044015954783 0.49618488894199841 1.2820521933601325 0.50000000018750013 0.18800145169829405 0.013275592907843348 8.7700513075053256e-09 12.727540509259262 0.91767256357303506 0.20051330755132776
decision_type=2 2 2 2 2 2 2 2 2 2 2 2 2 2 2 2 2 2 2 2 2 2 2 2 2 2 2 2 2 2
left_child=1 -1 4 -4 5 21 7 9 14 25 -3 -11 -12 -14 15 -9 -17 18 -18 -19 -21 -2 26 -23 -6 -5 -7 -28 -29 -26
right_child=2 10 3 6 24 22 -8 8 -10 11 12 -13 13 -15 -16 16 17 19 -20 20 -22 23 -24 -25 29 -27 27 28 -30 -31
leaf_value=0.51316865355360741 -0.0016873286572949347 -0.032384099119443302 0.041688682697713378 0.0039910458371435345 -0.0052711970324200823 0.020734862479216912 0.0014130993371509249 -0.0076471083009472269 0.045587023878164712 -0.018480031548766419 0.012436397762190719 0.0059022492642237714 -0.024514743039771851 -0.0015020875624325739 0.028202019449519486 0.0079750069282339808 0.01834868248552084 0.0014747059173589828 0.043429016738624898 0.036873786115589051 0.0071681663646536364 0.0026753765299272207 -0.0088865046957280584 -0.0065611369931265597 -0.0069711259811444581 0.024758529860307188 0.0039857925882358213 0.0029225828894640059 0.033931858088821175 -0.014983717957899595
leaf_weight=51 21129 51 85 57 606 51 512 52 61 100 67 69 113 297 95 318 76 102 59 52 59 1433 82 184 273 68 1785 103 50 405
leaf_count=51 21129 51 85 57 606 51 512 52 61 100 67 69 113 297 95 318 76 102 59 52 59 1433 82 184 273 68 1785 103 50 405
internal_value=0.000216927 0.0382331 -0.000572973 0.0106421 -0.00133136 -0.000950315 0.00907132 0.0124284 0.0160709 0.00159973 -0.00764136 -0.00852514 -0.00499591 -0.0078446 0.0138563 0.0119582 0.013489 0.0185276 0.0293097 0.0116938 0.0210843 -0.0014519 0.00455869 0.00162434 -0.00869616 0.0152886 0.00511299 0.00470189 0.0130563 -0.0117574
internal_weight=28445 579 27866 1765 26101 24817 1680 1168 874 294 528 169 477 410 813 718 666 348 135 213 111 22746 2071 1617 1284 125 1989 1938 153 678
internal_count=28445 579 27866 1765 26101 24817 1680 1168 874 294 528 169 477 410 813 718 666 348 135 213 111 22746 2071 1617 1284 125 1989 1938 153 678
is_linear=0
shrinkage=0.05


Tree=4
num_leaves=31
num_cat=0
split_feature=34 9 36 3 37 3 3 27 0 26 27 19 21 34 32 34 29 32 3 3 11 36 39 0 15 0 15 0 14 10
split_gain=295.536 4489.37 82.8583 39.4664 23.3409 23.0624 20.7094 14.673 14.1026 16.4902 13.0874 13.2621 9.48699 10.856 8.3482 7.70557 8.06285 7.36409 6.7148 6.27518 6.15056 7.46817 6.00257 7.38575 6.00218 5.17109 4.74829 5.18833 6.71729 10.2799
threshold=-0.5249586303586754 0.0021839991916869062 0.59115350542636314 -1.6989878944460068 0.75000000255526944 0.40039005611123779 0.2513144287809061 0.53174490898203886 0.0029985500000000004 -0.42612063004994954 0.70093036116167073 -0.67234495303282182 1.3175590363798624 2.2618860623802095 0.21625795089492 0.52301491579871551 0.062074318718607677 0.14720799056558828 -0.36772477739198389 -0.13353139262452254 0.66154375025188383 0.74391993226601005 0.25806458606326405 0.0039865707815169458 0.088369071564951884 0.28465163854285386 0.18220646861370329 0.01400000000320104 0.13458889464848497 0.0095943141497707597
decision_type=2 2 2 2 2 2 2 2 2 2 2 2 2 2 2 2 2 2 2 2 2 2 2 2 2 2 2 2 2 2
left_child=1 -1 6 -4 5 8 19 25 12 -10 11 -9 13 17 18 16 -11 -5 -6 -2 -19 -22 23 -12 -15 -3 -17 28 29 -28
right_child=2 7 3 4 14 -7 -8 10 9 15 22 -13 -14 24 -16 26 -18 20 -20 -21 21 -23 -24 -25 -26 -27 27 -29 -30 -31
leaf_value=0.48851137617230417 0.0023800911610556766 -0.03178273539815564 0.03960424942567068 0.0053899616985624539 0.016412173123098912 0.039672060007265274 -0.008452016293877854 0.031383606513697364 0.031508669520526215 0.0046219151537094496 -0.002193530544401238 -0.0041703908323235603 0.031675238074625238 0.036204519404061872 -0.014564064609303928 0.0025382300864874147 -0.012605387705365477 0.0080243211564800087 -0.003258107763607901 -0.0015591550066512676 0.010123966164886951 0.036492750482184109 -0.0021530815455640512 -0.027699465860496278 0.014940067174795428 -0.010666034052605336 0.03673909295386836 0.0021091128603023079 0.005120227428147636 0.011161596271548453
leaf_weight=50 1061 64 85 763 50 52 1083 51 53 127 51 54 51 51 151 1323 146 126 328 21442 50 58 208 64 95 53 51 280 253 171
leaf_count=50 1061 64 85 763 50 52 1083 51 53 127 51 54 51 51 151 1323 146 126 328 21442 50 58 208 64 95 53 51 280 253 171
internal_value=0.000206081 0.0350741 -0.000538854 0.00587537 0.00518933 0.0066119 -0.00169845 -0.0065257 0.0061341 0.00392801 -0.00223625 0.0130987 0.0105758 0.0096344 -0.00462613 0.00330624 -0.00459122 0.00776969 -0.000656219 -0.00137342 0.0155292 0.024285 -0.00722129 -0.0163881 0.0223681 -0.0222171 0.00434378 0.00750768 0.01069 0.0170375
internal_weight=28445 595 27850 4264 4179 3650 23586 545 3598 2404 428 105 1194 1143 529 2351 273 997 378 22503 234 108 323 115 146 117 2078 755 475 222
internal_count=28445 595 27850 4264 4179 3650 23586 545 3598 2404 428 105 1194 1143 529 2351 273 997 378 22503 234 108 323 115 146 117 2078 755 475 222
is_linear=0
shrinkage=0.05


Tree=5
num_leaves=31
num_cat=0
split_feature=35 3 37 37 3 17 0 33 34 34 26 33 34 13 10 16 31 33 28 34 0 28 27 32 23 32 37 26 15 6
split_gain=80.1333 37.7599 32.8476 24.6078 24.2452 18.5046 16.6422 27.8904 16.4059 15.463 13.4444 11.2853 10.5134 7.65425 7.77774 7.03798 13.2256 13.1546 6.84621 6.36946 16.6443 6.23146 9.09525 5.80817 5.63297 5.40826 5.01548 4.81579 4.6664 4.47431
threshold=0.62061793936547405 -2.0946971691996663 0.94516514129775386 0.75000000255526944 0.19582592319556616 0.38309974096166804 0.001000389047293513 0.72898148148148156 -0.5249586303586754 -0.5249586303586754 -0.35739168760020507 1.2767534722222225 0.70829516856090824 1.0639192771090442 0.0064502413987909757 0.23067797554536151 142.50000000000003 3.6229571759259263 0.79589840158815217 -0.5249586303586754 0.75050000000000006 0.86222993788243463 0.94540044015954783 0.37754334126848438 6253.1754124999998 0.13058636839966506 1.1254418217559736 -0.51594824229417491 0.42002408586820783 -1.7897787215356662
decision_type=2 2 2 2 2 2 2 2 2 2 2 2 2 2 2 2 2 2 2 2 2 2 2 2 2 2 2 2 2 2
left_child=2 -2 5 4 6 19 15 -8 -7 -4 -9 -12 -5 14 -13 -3 17 24 -18 20 -1 28 -23 27 -17 -11 -14 -10 -16 -21
right_child=1 3 9 12 -6 8 7 10 23 25 11 13 26 -15 21 16 18 -19 -20 29 -22 22 -24 -25 -26 -27 -28 -29 -30 -31
leaf_value=-0.035134871540591125 0.052072660388425 0.0039816382055340169 -0.032373780277703192 -0.015518457469084418 0.043245068264918196 -0.020793578026887888 -0.025360917629372766 0.029371815781915257 0.017371600175815106 -0.0057804352921482331 -0.0083324470611002583 0.028469017163803012 0.016592699534478873 0.00016380153280102984 0.002637886194664707 0.03120669018038932 0.0061602132720587083 0.05144629189372063 0.026291675411426185 0.010497182426829038 -0.0037470092429537222 0.031210905302535088 0.0083569618588513594 0.016136479027879735 0.010368501872665459 -0.012851375003810972 -0.0052717798699935285 0.0019138680115913936 0.0186863471650415 -0.0015788040786583063
leaf_weight=50 50 88 64 142 54 78 68 67 51 1251 117 59 51 212 281 68 163 50 57 77 272 68 121 75 62 345 54 4190 54 19987
leaf_count=50 50 88 64 142 54 78 68 67 51 1251 117 59 51 212 281 68 163 50 57 77 272 68 121 75 62 345 54 4190 54 19987
internal_value=-0.000755946 0.00920141 -0.00146622 0.00803389 0.0103161 -0.00101008 0.00915769 0.00560336 0.00193295 -0.00827528 0.00775409 0.00616595 -0.00664805 0.00829967 0.0112582 0.0167835 0.0195999 0.0296512 0.0113761 -0.00164442 -0.0086209 0.00932031 0.0165795 0.00234367 0.0212685 -0.00730893 0.00534811 0.00209975 0.0052248 -0.00153246
internal_weight=28326 1886 26440 1836 1589 24780 1535 1047 4394 1660 979 912 247 795 583 488 400 180 220 20386 322 524 189 4316 130 1596 105 4241 335 20064
internal_count=28326 1886 26440 1836 1589 24780 1535 1047 4394 1660 979 912 247 795 583 488 400 180 220 20386 322 524 189 4316 130 1596 105 4241 335 20064
is_linear=0
shrinkage=0.05


Tree=6
num_leaves=31
num_cat=0
split_feature=4 37 3 33 16 11 29 17 34 1 33 6 38 31 33 8 4 39 33 32 25 4 3 33 17 27 15 34 10 32
split_gain=70.0764 29.3421 28.1193 16.2002 27.2534 22.1609 20.616 15.422 13.8061 13.1046 12.5078 12.3235 11.2158 11.2152 9.56756 8.38143 8.31021 6.56861 6.75533 9.55074 10.3835 6.19729 5.84704 5.82555 6.8929 5.89567 8.00994 5.76505 11.2075 5.29474
threshold=-0.60525452975660565 0.90041855577097507 -1.6989878944460068 1.2767534722222225 0.32876552076447696 0.76863950805594483 0.99999994127227543 0.38309974096166804 -0.5249586303586754 -6.3029203866425307 0.58073495370370376 -3.165689490665812 0.42582010582010593 62.500000000000007 0.72898148148148156 0.0022500000000562508 -1.2730147853674136 0.040000000000000029 1.5536979166666669 0.24564354727398208 0.219559582607572 -1.0986122888681094 0.83027580142392721 1.9009548611111113 0.73900966183574901 0.73507111810503301 0.26622145712298023 -0.64368493604046673 0.65265148366281844 0.13058636839966506
decision_type=2 2 2 2 2 2 2 2 2 2 2 2 2 2 2 2 2 2 2 2 2 2 2 2 2 2 2 2 2 2
left_child=2 7 -1 6 17 11 9 27 -3 21 -9 -6 13 -13 -11 29 -16 18 -5 23 -21 -4 -10 -20 -25 -26 -27 28 -2 -12
right_child=1 8 3 4 5 -7 -8 10 22 14 15 12 -14 -15 16 -17 -18 -19 19 20 -22 -23 -24 24 25 26 -28 -29 -30 -31
leaf_value=0.034489295366121102 -0.030242683019605466 -0.03035490082639556 0.015257607327657753 -0.0071803050686139614 0.038507181186228992 0.051807052639420509 0.025051922980146329 -0.019106305682299929 -0.0055301639979543071 -0.025035816593791799 0.005292925344148736 0.00071848298846320679 -0.0058539066330173658 0.029144799178268052 -0.013570812977966855 0.0011334079391951515 0.010918909704031528 9.1015548429762333e-05 0.023777000632137061 0.0074230985976755622 0.039646462786011402 -0.0069147170843699805 -0.013453728932945525 0.0022601627011240356 0.0055598171981914041 0.010655186448891003 0.034537696140765586 -0.0014657255770179948 -0.0038783249203473906 0.01723683113232255
leaf_weight=94 50 65 80 70 50 52 61 70 1382 99 593 55 68 94 100 3206 53 375 50 50 50 52 280 470 186 104 53 20096 208 110
leaf_count=94 50 65 80 70 50 52 61 70 1382 99 593 55 68 94 100 3206 53 375 50 50 50 52 280 470 186 104 53 20096 208 110
internal_value=-0.000718149 -0.00145149 0.0077156 0.00655688 0.00874885 0.0219448 -0.00194992 -0.00100452 -0.00774916 -0.00623928 0.00184243 0.0161289 0.0109726 0.0186519 -0.0129243 0.00221757 -0.00508744 0.00575915 0.00781679 0.00890692 0.0235348 0.00652306 -0.00686506 0.00721192 0.00619316 0.0115824 0.0187174 -0.00156107 -0.0089877 0.00716182
internal_weight=28326 26060 2266 2172 1727 319 445 24333 1727 384 3979 267 217 149 252 3909 153 1408 1033 963 100 132 1662 863 813 343 157 20354 258 703
internal_count=28326 26060 2266 2172 1727 319 445 24333 1727 384 3979 267 217 149 252 3909 153 1408 1033 963 100 132 1662 863 813 343 157 20354 258 703
is_linear=0
shrinkage=0.05


Tree=7
num_leaves=31
num_cat=0
split_feature=4 37 3 2 16 11 17 34 33 33 4 23 38 22 6 7 17 9 15 14 32 34 0 11 18 34 28 5 33 6
split_gain=63.244 26.4812 25.3777 22.7291 17.481 29.1148 13.9183 12.46 12.1372 11.2883 10.0176 7.41514 7.21803 7.92634 9.40696 7.15761 6.4053 8.81452 15.4301 6.16645 5.72454 5.24749 13.923 4.90151 13.2906 4.86675 4.84649 9.64685 4.54836 4.03716
threshold=-0.60525452975660565 0.90041855577097507 -1.6989878944460068 0.15415030960435408 0.32876552076447696 0.75943959729188715 0.38309974096166804 -0.5249586303586754 0.70679976851851867 0.58073495370370376 -0.69314718105994511 40764.849033000013 0.58415212371864433 1768.2118250000001 -2.5801247353183774 0.002000000000300001 0.73900966183574901 0.0052625838099138135 0.29310612016869869 0.18019604983502971 0.13058636839966506 -0.5249586303586754 0.75050000000000006 0.62878726378814342 0.80002879786163106 0.73802759482501845 0.79589840158815217 -1.9459101476727019 3.6856712962962965 -1.7897787215356662
decision_type=2 2 2 2 2 2 2 2 2 2 2 2 2 2 2 2 2 2 2 2 2 2 2 2 2 2 2 2 2 2
left_child=2 6 -1 4 11 8 21 -3 -6 -8 12 16 13 14 -10 20 -4 18 28 -9 23 22 -2 24 -11 -5 -19 -28 -18 -23
right_child=1 7 3 25 5 -7 9 19 10 15 -12 -13 -14 -15 -16 -17 17 26 -20 -21 -22 29 -24 -25 -26 -27 27 -29 -30 -31
leaf_value=0.032764830998580984 -0.032065020034555351 -0.028837155854472746 0.0029378046382538036 -0.020423390848604454 -0.0075396657770718722 0.05181807520634988 -0.018150990216859751 -0.0036508004822880221 0.025931877544905359 0.031615116510932385 0.034928454517752734 -0.012152568728197366 -0.0011523680263519802 0.030648394547033071 -0.0012970308549230614 0.0010693479574433588 0.0017204125411808492 0.0014343227106937261 0.042533605264499785 -0.009752608720908244 0.01693801978835836 0.01004560948168109 -0.0033575403685129944 0.0020451778861746003 0.0018199988632300577 -0.0011299063236667561 0.030527575456482527 0.005574001471138912 0.020704736133868043 -0.0014253247330490051
leaf_weight=94 50 65 863 88 68 51 70 880 53 57 56 60 78 68 79 3165 74 265 50 782 112 77 272 466 109 52 51 161 55 19955
leaf_count=94 50 65 863 88 68 51 70 880 53 57 56 60 78 68 79 3165 74 265 50 782 112 77 272 466 109 52 51 161 55 19955
internal_value=-0.000682241 -0.00137892 0.00732982 0.00622904 0.0075716 0.0162299 -0.000954296 -0.0073617 0.011715 0.00175031 0.0156351 0.00508761 0.0117487 0.0167801 0.00963579 0.00210669 0.00576859 0.00949263 0.0189539 -0.00652181 0.00651956 -0.00148302 -0.00781522 0.00467325 0.0120509 -0.0132572 0.00594217 0.011577 0.0098145 -0.00138123
internal_weight=28326 26060 2266 2172 2032 453 24333 1727 402 3979 334 1579 278 200 132 3909 1519 656 179 1662 744 20354 322 632 166 140 477 212 129 20032
internal_count=28326 26060 2266 2172 2032 453 24333 1727 402 3979 334 1579 278 200 132 3909 1519 656 179 1662 744 20354 322 632 166 140 477 212 129 20032
is_linear=0
shrinkage=0.05


Tree=8
num_leaves=31
num_cat=0
split_feature=35 37 13 38 9 13 13 26 35 35 15 18 33 33 33 29 13 29 28 24 14 22 39 33 39 13 13 24 26 32
split_gain=60.7569 24.5359 24.1681 23.9732 22.6587 15.7343 16.7365 15.1963 48.6286 13.9623 13.1594 18.7416 11.7932 10.9408 10.7273 11.8366 10.7261 9.81729 13.1694 7.61665 6.60294 6.07125 5.89594 5.12579 40.7047 10.6347 5.36178 6.14591 4.47477 4.27789
threshold=0.62061793936547405 0.94516514129775386 1.346031306485042 0.62500001074092382 0.1479301036686948 1.0035111038816327 0.96988034182063243 -0.29904357788861791 0.79385306719044313 0.20735059089043853 0.0058603688100409999 0.7000286973095442 0.58073495370370376 0.63928240740740749 1.2767534722222225 0.46431837282362026 0.53796054368699242 0.98798793127033824 0.87107474452551859 22421.897714000002 0.19883657440146815 1075.6353330000002 0.0096696275518154927 0.58073495370370376 0.23076923076923092 0.99960610923007087 0.37447348292305044 692.2474605000001 -0.20105510345830899 0.12689988127163457
decision_type=2 2 2 2 2 2 2 2 2 2 2 2 2 2 2 2 2 2 2 2 2 2 2 2 2 2 2 2 2 2
left_child=1 9 3 4 5 6 7 8 -2 23 11 -11 -12 -3 15 -9 -5 18 19 28 -15 -6 -18 24 -1 -26 27 -25 -16 -14
right_child=2 13 -4 16 21 -7 -8 14 -10 10 12 -13 29 20 17 -17 22 -19 -20 -21 -22 -23 -24 26 25 -27 -28 -29 -30 -31
leaf_value=-0.047275921465350423 0.0075907560667039554 -0.026214847433665357 0.038981204880325158 0.015969576922965783 0.0054993554651737216 0.0025147720878954888 0.040632395467255271 -0.011523676038553936 0.063594243946974563 0.0038001241927434295 -0.021261894047309302 0.041419069394469266 0.001094783410877297 -0.0033207337561721355 0.018351828609593213 0.012937645916766391 -0.021501088257767819 0.0017820820679266347 0.035267926863439027 0.025169032237802941 -0.009791401545220799 -0.015875327767277455 -0.0046545338301009244 0.021976409168070501 0.020779167422020406 -0.0044577595601597002 -0.0013411277696067439 -0.0019909546555330355 0.004011611787479042 0.0068490363214250829
leaf_weight=54 113 72 61 53 50 336 60 102 59 98 57 50 3303 860 80 96 67 129 84 96 728 99 231 53 51 230 20472 54 170 358
leaf_count=54 113 72 61 53 50 336 60 102 59 98 57 50 3303 860 80 96 67 129 84 96 728 99 231 53 51 230 20472 54 170 358
internal_value=-0.000648129 -0.00126659 0.00802219 0.00698739 0.00978384 0.0118627 0.0150385 0.0133855 0.0268013 -0.000872369 0.00188812 0.0165092 0.0013061 -0.00715147 0.0103373 0.000336359 -0.00475608 0.0138797 0.017509 0.0131975 -0.00628714 -0.00870262 -0.00844218 -0.00138265 -0.00751775 0.000122608 -0.00128278 0.00988073 0.00860048 0.00165748
internal_weight=28326 26440 1886 1825 1474 1325 989 929 172 24780 3866 148 3718 1660 757 198 351 559 430 346 1588 149 298 20914 335 281 20579 107 250 3661
internal_count=28326 26440 1886 1825 1474 1325 989 929 172 24780 3866 148 3718 1660 757 198 351 559 430 346 1588 149 298 20914 335 281 20579 107 250 3661
is_linear=0
shrinkage=0.05


Tree=9
num_leaves=31
num_cat=0
split_feature=35 3 3 33 1 39 33 33 39 17 6 21 13 28 27 15 7 38 32 33 24 33 29 33 31 13 29 33 36 23
split_gain=54.8331 30.1906 21.3347 17.7528 27.5989 19.01 15.5133 13.939 42.7373 12.8209 9.65155 9.26848 7.96748 8.90945 19.246 8.62053 7.64488 6.95146 11.277 6.94302 13.0479 9.10288 6.91176 7.42192 6.32132 5.1744 4.78906 9.03862 5.91478 4.53648
threshold=0.62061793936547405 -2.0946971691996663 0.2513144287809061 1.2767534722222225 -6.3029203866425307 0.025000002167280589 1.4517303240740744 0.58073495370370376 0.21707672386738516 0.44444444472222228 -2.3025850898289573 0.0010198879007455185 1.0035111038816327 0.86222993788243463 0.94540044015954783 0.19840732139209055 0.0040000000002937035 0.084716431237679538 0.23573334305819998 2.1334375000000003 24614.506062000004 3.2406018518518525 0.91788347658004155 0.72898148148148156 158.50000000000003 0.80865158589802799 0.97699815583510852 2.2282407407407412 0.88553230209281175 30704.625563500005
decision_type=2 2 2 2 2 2 2 2 2 2 2 2 2 2 2 2 2 2 2 2 2 2 2 2 2 2 2 2 2 2
left_child=2 -2 7 4 10 6 -5 8 16 -9 -3 -10 13 15 -15 -8 -1 18 -11 -17 21 -21 23 -6 -4 -16 28 -28 -19 -25
right_child=1 3 24 5 22 -7 12 9 11 17 -12 -13 -14 14 25 19 -18 26 -20 20 -22 -23 -24 29 -26 -27 27 -29 -30 -31
leaf_value=-0.051188479733251628 0.045955264636781068 0.0062162388898432258 -0.0056997463198553248 0.040135758183896544 -0.025647844573433855 3.8207480669186652e-05 -0.0032875901853872676 -0.0012025702822374045 -0.0043567535426584075 0.0033154517163789562 0.033121001984924077 0.019031746262643378 0.0030935555677806831 0.044685318945523578 0.00079713328031160075 0.0013161385153501255 -0.024429592338024775 -0.0025445700700003188 0.024040514621061878 0.031014093846225967 0.035450228971800439 0.0079973020179617601 0.0056347908328752971 -0.00026181158965782211 -0.01447942986722719 0.022016337129337316 0.024270051738480108 0.0016455286219277201 0.013276025153426152 -0.018399164820258537
leaf_weight=51 50 100 1081 50 95 395 90 20999 250 1888 50 51 215 68 59 92 56 1254 68 52 74 247 50 85 253 56 50 377 62 58
leaf_count=51 50 100 1081 50 95 395 90 20999 250 1888 50 51 215 68 59 92 56 1254 68 52 74 247 50 85 253 56 50 377 62 58
internal_value=-0.000615723 0.00762108 -0.00120326 0.00657712 -0.00220671 0.00932913 0.0129881 -0.00087587 -0.0100423 -0.000724446 0.0151845 -0.000393918 0.0115637 0.0140313 0.0235986 0.0108767 -0.0371838 0.00198984 0.00403595 0.0136182 0.0166525 0.0120002 -0.0112646 -0.0148149 -0.00736486 0.01113 -0.000306317 0.00429477 -0.00179922 -0.00761822
internal_weight=28326 1886 26440 1836 438 1398 1003 25106 408 24698 150 301 953 738 183 555 107 3699 1956 465 373 299 288 238 1334 115 1743 427 1316 143
internal_count=28326 1886 26440 1836 438 1398 1003 25106 408 24698 150 301 953 738 183 555 107 3699 1956 465 373 299 288 238 1334 115 1743 427 1316 143
is_linear=0
shrinkage=0.05


end of trees

feature_importances:
days_to_resolution=28
ret_6h=20
log_days_to_resolution=20
pct_from_trough_24h=14
ma60_over_ma120=12
buy_ratio_60=11
lifetime_pct=11
high_low_range_5=10
log_price=9
dd_60=9
vol_zscore_60=9
pct_from_peak_24h=9
vol_20=8
buy_sell_imbalance_5=8
price=7
ret_120h=7
ma_5=7
ma_60=7
vol_5=7
buy_ratio_20=7
n_trades_60=7
ret_24h=6
vol_60=6
dd_120=6
vol_total_20=6
vol_total_60=6
pct_from_trough_72h=6
ma5_over_ma60=5
ma20_over_ma60=5
accel=5
ret_1h=4
ma_120=4
ret_72h=3
pct_from_peak_72h=3
ma_20=2
momentum_z_20=2
vol_total_5=2
vol_ratio_5_60=2

parameters:
[boosting: gbdt]
[objective: regression]
[metric: l2]
[tree_learner: serial]
[device_type: cpu]
[data_sample_strategy: bagging]
[data: ]
[valid: ]
[num_iterations: 500]
[learning_rate: 0.05]
[num_leaves: 31]
[num_threads: 0]
[seed: 0]
[deterministic: 0]
[force_col_wise: 0]
[force_row_wise: 0]
[histogram_pool_size: -1]
[max_depth: -1]
[min_data_in_leaf: 50]
[min_sum_hessian_in_leaf: 0.001]
[bagging_fraction: 0.8]
[pos_bagging_fraction: 1]
[neg_bagging_fraction: 1]
[bagging_freq: 5]
[bagging_seed: 3]
[bagging_by_query: 0]
[feature_fraction: 0.8]
[feature_fraction_bynode: 1]
[feature_fraction_seed: 2]
[extra_trees: 0]
[extra_seed: 6]
[early_stopping_round: 0]
[early_stopping_min_delta: 0]
[first_metric_only: 0]
[max_delta_step: 0]
[lambda_l1: 0]
[lambda_l2: 0]
[linear_lambda: 0]
[min_gain_to_split: 0]
[drop_rate: 0.1]
[max_drop: 50]
[skip_drop: 0.5]
[xgboost_dart_mode: 0]
[uniform_drop: 0]
[drop_seed: 4]
[top_rate: 0.2]
[other_rate: 0.1]
[min_data_per_group: 100]
[max_cat_threshold: 32]
[cat_l2: 10]
[cat_smooth: 10]
[max_cat_to_onehot: 4]
[top_k: 20]
[monotone_constraints: ]
[monotone_constraints_method: basic]
[monotone_penalty: 0]
[feature_contri: ]
[forcedsplits_filename: ]
[refit_decay_rate: 0.9]
[cegb_tradeoff: 1]
[cegb_penalty_split: 0]
[cegb_penalty_feature_lazy: ]
[cegb_penalty_feature_coupled: ]
[path_smooth: 0]
[interaction_constraints: ]
[verbosity: -1]
[saved_feature_importance_type: 0]
[use_quantized_grad: 0]
[num_grad_quant_bins: 4]
[quant_train_renew_leaf: 0]
[stochastic_rounding: 1]
[linear_tree: 0]
[max_bin: 255]
[max_bin_by_feature: ]
[min_data_in_bin: 3]
[bin_construct_sample_cnt: 200000]
[data_random_seed: 1]
[is_enable_sparse: 1]
[enable_bundle: 1]
[use_missing: 1]
[zero_as_missing: 0]
[feature_pre_filter: 1]
[pre_partition: 0]
[two_round: 0]
[header: 0]
[label_column: ]
[weight_column: ]
[group_column: ]
[ignore_column: ]
[categorical_feature: ]
[forcedbins_filename: ]
[precise_float_parser: 0]
[parser_config_file: ]
[objective_seed: 5]
[num_class: 1]
[is_unbalance: 0]
[scale_pos_weight: 1]
[sigmoid: 1]
[boost_from_average: 1]
[reg_sqrt: 0]
[alpha: 0.9]
[fair_c: 1]
[poisson_max_delta_step: 0.7]
[tweedie_variance_power: 1.5]
[lambdarank_truncation_level: 30]
[lambdarank_norm: 1]
[label_gain: ]
[lambdarank_position_bias_regularization: 0]
[eval_at: ]
[multi_error_top_k: 1]
[auc_mu_weights: ]
[num_machines: 1]
[local_listen_port: 12400]
[time_out: 120]
[machine_list_filename: ]
[machines: ]
[gpu_platform_id: -1]
[gpu_device_id: -1]
[gpu_use_dp: 0]
[num_gpu: 1]

end of parameters

pandas_categorical:null
