tree
version=v4
num_class=1
num_tree_per_iteration=1
label_index=0
max_feature_idx=32
objective=binary sigmoid:1
feature_names=price log_price ret_1h ret_6h ret_24h ret_72h ret_120h ma_5 ma_20 ma_60 ma_120 ma5_over_ma60 ma20_over_ma60 ma60_over_ma120 vol_5 vol_20 vol_60 dd_60 dd_120 momentum_z_20 momentum_z_60 accel vol_total_5 vol_total_20 vol_total_60 vol_ratio_5_60 vol_zscore_60 buy_ratio_20 buy_ratio_60 buy_sell_imbalance_5 n_trades_5 n_trades_60 high_low_range_5
feature_infos=[0.001:0.999] [-6.9077552789821368:-0.0010005003335835344] [-6.0638561019063859:2.3076171719440883] [-5.8902515606666501:2.8231144944629976] [-5.9559408449950384:3.6763454161844189] [-6.5572464784864373:3.8915559284532182] [-6.5792512120101012:3.8626612493597565] [0.001:0.999] [0.0010000000000000002:0.99900000000004974] [0.0011833333333333335:0.99891666666666667] [0.0017398121717639792:0.99823333333333342] [0.0073961272618565336:4.9930961894024568] [0.0272405491495421:2.485501242750622] [0.037384025173180846:1.8034917909375092] [0:2.4847308352347404] [0:1.4968761980729905] [0:0.897514273980762] [0:0.99868421051228073] [0:0.99880952380476196] [-582.94593328279961:727.04670984042343] [-978.3770294819999:950.52861794072271] [-2.8231144944629976:5.8902515606666501] [0:85131.398343999987] [0:163448.87860699996] [0:216597.07397299996] [0:0.99999999988739752] [-1.1142837726169632:1776160000] [0:1] [0:1] [-0.99999999998165445:0.99999999995327526] [0:305] [0:582] [0:116.05226724901804]
tree_sizes=3094 3412 3423 3403 3418 3421 3423 3418 3425 3424 3440 3423 3427 3430 3432 3431 3435 3430 3426 3423

Tree=0
num_leaves=31
num_cat=0
split_feature=0 9 9 24 31 24 6 24 6 25 0 10 10 17 4 6 24 9 8 4 24 10 10 24 5 17 8 13 9 24
split_gain=8171.98 99.418 76.5811 23.8366 20.2177 21.1276 13.5841 11.5273 15.7707 7.63636 6.16083 14.8054 44.7041 5.05003 4.16468 3.99135 15.9613 3.73829 2.95885 2.44994 1.39581 1.17916 1.4715 3.46474 1.48718 1.15187 2.58956 0.867292 1.0099 0.745605
threshold=0.50550264065282646 0.38800718504768344 0.60056180650580882 5606.9865880000007 18.500000000000004 397.86785650000007 0.21324796099254098 1000.5752295000001 0.28768207245178096 0.017985443538347714 0.044876253812431606 0.05001554793727795 0.048635384351885393 0.28571414897954567 -0.11846599028275882 -0.51933462635053795 273.59661150000005 0.29547176414382276 0.72054258679141114 0.59576461774773548 193.16030750000002 0.85461619631572239 0.80339592569723706 137.25551550000003 -0.0038303860233747373 0.35937505552084231 0.17884658226399988 0.8627730397366461 0.14772278957971144 20.462266500000002
decision_type=2 2 2 2 2 2 2 2 2 2 2 2 2 2 2 2 2 2 2 2 2 2 2 2 2 2 2 2 2 2
left_child=1 10 3 9 5 -3 14 8 -8 -2 -1 12 20 -6 -4 16 -13 -18 -9 25 -12 22 29 -24 -25 27 -27 28 -17 -16
right_child=2 4 6 -5 13 -7 7 18 -10 -11 11 15 -14 -15 21 19 17 -19 -20 -21 -22 -23 23 24 -26 26 -28 -29 -30 -31
leaf_value=-0.10016141543716059 0.03317192186981574 -0.052888686755596243 0.075448345893978974 0.08491321694416476 -0.082920035612982612 0.028043716588778189 0.020426823450766535 0.073751633224112878 0.090161170880055611 -0.012282624939380735 -0.080553571715546432 -0.043018556591313588 0.0047566204765257039 -0.043018556591313588 0.093293135782779604 -0.10016141543716056 -0.10016141543716059 -0.072091239162007673 0.098572767700769309 -0.078286414785234792 -0.10016141543716059 0.099184782069690086 0.065876325360206156 0.079838589927257453 0.099838590523303905 -0.098701561379055003 -0.073931906458739025 -0.09986621247633333 -0.080161414841114137 0.099838590523303905
leaf_weight=525.75 21 13.749999999999998 20.5 16.75 14.499999999999998 19.5 17 17.25 15.499999999999998 16.5 12.749999999999998 17.5 15.249999999999998 17.5 68.75 12.750000000000002 70.75 14.249999999999998 39.5 15.999999999999998 31.5 764.75 13.249999999999998 12.499999999999998 36.25 34.25 15.249999999999998 338.75 12.499999999999998 118.5
leaf_count=2103 84 55 82 67 58 78 68 69 62 66 51 70 61 70 275 51 283 57 158 64 126 3059 53 50 145 137 61 1355 50 474
internal_value=0.000135135 -0.0927196 0.0933445 0.0353225 -0.0327285 -0.00542457 0.0961456 0.0774296 0.0536847 0.0131719 -0.0962232 -0.0927227 -0.069069 -0.0610989 0.0977603 -0.0953682 -0.0865029 -0.0954555 0.091028 -0.0974839 -0.0945117 0.0982114 0.0952247 0.0885483 0.0947104 -0.0982267 -0.0910705 -0.0991999 -0.0902604 0.0974354
internal_weight=2360.5 1182.5 1178 54.25 65.25 33.25 1123.75 89.25 32.5 37.5 1117.25 591.5 59.5 32 1034.5 532 102.5 85 56.75 429.5 44.25 1014 249.25 62 48.75 413.5 49.5 364 25.25 187.25
internal_count=9442 4730 4712 217 261 133 4495 357 130 150 4469 2366 238 128 4138 2128 410 340 227 1718 177 4056 997 248 195 1654 198 1456 101 749
is_linear=0
shrinkage=1


Tree=1
num_leaves=31
num_cat=0
split_feature=1 9 9 24 31 24 16 13 28 15 28 1 9 9 18 24 1 24 9 27 9 3 24 13 9 13 12 1 1 3
split_gain=7392.6 90.241 69.5289 21.5768 18.2738 19.0786 12.2925 9.84044 8.83465 7.80373 7.3894 5.61186 13.3169 25.9292 4.3532 13.0397 5.00586 6.35618 2.67633 2.64441 6.44872 2.15644 1.79335 5.7081 0.853809 2.14404 0.816214 0.574589 4.42469 0.578316
threshold=-0.68220542586745936 0.38800718504768344 0.60056180650580882 5606.9865880000007 18.500000000000004 397.86785650000007 0.027798942978727693 1.0678001458458291 0.87693736354764373 0.0010945793681411957 0.75006485466561468 -3.1038484052955435 0.049999999999999996 0.047991898973366087 0.38722285756002772 273.59661150000005 -1.6373120288898746 2413.5649655000002 0.85566158323039476 0.99996288012719614 0.77008333331286682 0.29196488530301151 58.613763500000012 1.0073070022673225 0.7279135390701672 0.99999847319580415 1.043517346894687 -0.046043929273657989 -0.049190207401552548 -0.036367639439393203
decision_type=2 2 2 2 2 2 2 2 2 2 2 2 2 2 2 2 2 2 2 2 2 2 2 2 2 2 2 2 2 2
left_child=1 11 3 6 5 -3 -2 18 -6 -9 -11 -1 13 26 21 -16 -17 -18 19 22 -21 -14 23 24 25 -4 -13 28 29 -20
right_child=2 4 7 -5 8 -7 -8 9 -10 10 -12 12 14 -15 15 16 17 -19 27 20 -22 -23 -24 -25 -26 -27 -28 -29 -30 -31
leaf_value=-0.095234567744840695 0.045865267437583956 -0.050118485658247128 0.095502622479517782 0.08097730825053405 -0.078990251394240346 0.026808306097903196 -0.012019655063652074 0.03727340055527139 -0.025115641905368032 0.053879377554048494 0.094210689995677874 -0.07992127437024299 -0.094483182271910174 -0.02012767626166613 -0.046740877357024188 -0.094430464376034084 -0.046958192803369686 -0.090926801983965758 0.083708595443996767 0.092580165257225427 0.056379087247153882 -0.077170884217772462 0.094676022907536184 0.055512410400262162 0.095688247832224571 0.069552640231342583 -0.095537637277161427 0.09530311741559043 0.066710533939564096 0.094659299543512168
leaf_weight=524.43358933925629 15.996667534112929 13.740388974547384 19.456667736172676 16.719843000173569 19.478749841451648 19.49616676568985 21.496934592723846 12.486270710825918 12.488259762525557 16.716208130121231 35.424493253231049 12.721974939107893 350.89932459592819 20.481797590851784 20.732444688677788 108.24040026962757 14.226783856749533 19.466476932168007 12.721346437931059 31.433842912316322 20.211933076381683 18.959202200174332 131.69502584636211 13.477484896779059 41.165209591388702 13.470510125160216 24.444458514451981 526.46262422204018 15.712128847837446 230.68829023838043
leaf_count=2103 64 55 78 67 78 78 86 50 50 67 142 51 1407 82 83 434 57 78 51 126 81 76 528 54 165 54 98 2111 63 925
internal_value=0.000290419 -0.0881264 0.0890438 0.0337413 -0.0309534 -0.00499415 0.012677 0.091718 -0.0579435 0.0727781 0.0812805 -0.0914709 -0.0881265 -0.065299 -0.0905977 -0.083781 -0.0891915 -0.0723613 0.0928766 0.0885912 0.0784126 -0.0935957 0.0909887 0.0854434 0.0908879 0.0848865 -0.0901922 0.0943544 0.092427 0.094087
internal_weight=2355.15 1179.81 1175.34 54.2134 65.2036 33.2366 37.4936 1121.12 31.967 64.627 52.1407 1114.61 590.173 57.6482 532.525 162.666 141.934 33.6933 1056.5 270.911 51.6458 369.859 219.265 87.5699 74.0924 32.9272 37.1664 785.584 259.122 243.41
internal_count=9442 4730 4712 217 261 133 150 4495 128 259 209 4469 2366 231 2135 652 569 135 4236 1086 207 1483 879 351 297 132 149 3150 1039 976
is_linear=0
shrinkage=0.05


Tree=2
num_leaves=31
num_cat=0
split_feature=0 9 9 24 31 24 13 28 9 15 8 0 10 10 18 24 7 24 10 10 24 13 28 24 3 10 13 3 0 0
split_gain=6716.31 82.7626 63.8176 19.6392 16.9468 21.6456 9.09404 8.39429 7.37591 7.15635 6.80347 5.20997 12.637 39.0656 3.81236 11.0938 5.87494 8.68584 2.58353 2.35324 4.06039 16.7069 3.28659 5.20199 2.09481 2.02694 1.42469 0.528131 0.316033 4.29638
threshold=0.50550264065282646 0.38800718504768344 0.60056180650580882 5606.9865880000007 15.500000000000002 397.86785650000007 1.0678001458458291 0.88017583088638818 0.53443853480809123 0.0010945793681411957 0.72054258679141114 0.044876253812431606 0.05001554793727795 0.048635384351885393 0.37529394676652039 193.16030750000002 0.19000000637342981 2413.5649655000002 0.85461619631572239 0.71684409887001443 90.199162500000014 1.0070082208456481 0.98583911920592671 739.31685400000015 0.29196488530301151 0.73008333333333364 0.99389725451905153 -0.036367639439393203 0.95500000881250025 0.95200003502333785
decision_type=2 2 2 2 2 2 2 2 2 2 2 2 2 2 2 2 2 2 2 2 2 2 2 2 2 2 2 2 2 2
left_child=1 11 3 8 5 -3 18 -6 -2 -8 -11 -1 13 26 24 -16 -17 -18 19 -4 21 25 -22 -24 -14 -21 -13 -20 29 -29
right_child=2 4 6 -5 7 -7 9 -9 -10 10 -12 12 14 -15 15 16 17 -19 27 20 22 -23 23 -25 -26 -27 -28 28 -30 -31
leaf_value=-0.091125443815966128 0.036732193819049554 -0.047707787878087014 0.091155450951646885 0.077328652054580657 -0.072822053328929548 0.037911588463353414 0.035459715847511002 -0.023148504452114485 -0.0078843456388889115 0.049133318015592897 0.089150016239859409 -0.072312690398952592 -0.090616276555715469 0.0066282121812422656 -0.046058253579198127 -0.090949159628143067 -0.03971636848330215 -0.087737293761232751 0.080386586411253513 0.070423630663511538 0.091402047694671418 0.023387860657332425 0.091959713422066214 0.047774848781882179 -0.073381866667818971 0.09171378419923748 -0.092089566809127124 0.090767619784801121 0.091185091726813619 0.063658783126108343
leaf_weight=520.76353995501995 16.743672013282776 13.713590875267984 93.466005310416222 16.635288387537003 21.148766621947289 15.987971305847166 12.469083875417708 14.225965559482573 20.734284549951553 14.906212866306303 36.952079951763153 12.892427042126654 333.87149080634117 15.241746857762335 20.438118770718575 115.20582208037376 15.682267412543295 23.568274661898613 13.143902108073233 16.605181440711021 91.925605222582817 14.18551582098007 14.386451587080957 12.405447468161581 18.614669308066368 34.215070173144341 31.009222313761711 222.41684037446976 521.07838408648968 15.643729433417318
leaf_count=2103 67 55 377 67 85 64 50 57 83 60 149 52 1348 61 82 465 63 95 53 67 371 57 58 50 75 138 125 898 2104 63
internal_value=0.000277619 -0.084265 0.0851425 0.0321167 -0.0294658 -0.00161997 0.0877187 -0.0528458 0.0120486 0.06947 0.0776476 -0.0874856 -0.0842539 -0.0623381 -0.0867117 -0.0806765 -0.0852573 -0.0685509 0.0888372 0.0846964 0.0814104 0.0713654 0.0869108 0.0715008 -0.0897061 0.0847574 -0.0862818 0.0903235 0.0904955 0.0889862
internal_weight=2340.28 1172.36 1167.91 54.1132 65.0763 29.7016 1113.8 35.3747 37.478 64.3274 51.8583 1107.29 586.524 59.1434 527.381 174.894 154.456 39.2505 1049.47 277.189 183.723 65.0058 118.718 26.7919 352.486 50.8203 43.9016 772.283 759.139 238.061
internal_count=9442 4730 4712 217 261 119 4495 142 150 259 209 4469 2366 238 2128 705 623 158 4236 1118 741 262 479 108 1423 205 177 3118 3065 961
is_linear=0
shrinkage=0.05


Tree=3
num_leaves=31
num_cat=0
split_feature=0 9 9 24 31 24 16 6 24 6 8 7 9 9 16 16 24 18 24 7 24 3 24 15 13 11 7 9 9 12
split_gain=6124.75 76.5818 59.1718 17.9658 15.3738 19.6037 11.4188 11.1905 9.81216 14.1926 5.66785 4.90375 12.1668 21.4039 4.41264 4.0187 4.71435 3.67801 11.169 4.48186 6.31646 1.94068 1.188 3.97897 3.81193 1.986 4.25048 0.918609 1.64148 0.764782
threshold=0.50550264065282646 0.38800718504768344 0.60056180650580882 5606.9865880000007 15.500000000000002 469.80650000000009 0.027798942978727693 0.21324796099254098 1000.5752295000001 0.28768207245178096 0.45414284877841204 0.044894239423942404 0.049999999999999996 0.047991898973366087 0.059349695357515782 0.048762528934826209 4684.8272480000005 0.38722285756002772 273.59661150000005 0.19000000637342981 2413.5649655000002 0.29196488530301151 90.199162500000014 0.0063782928275675577 0.99966765513671307 1.0011243940747738 0.95720000000000016 0.7279135390701672 0.66980129682997147 1.0650628649041447
decision_type=2 2 2 2 2 2 2 2 2 2 2 2 2 2 2 2 2 2 2 2 2 2 2 2 2 2 2 2 2 2
left_child=1 11 3 6 5 -3 -2 15 9 -9 -6 -1 13 29 -10 22 -17 21 -19 -20 -21 -14 23 25 -25 27 -27 28 -4 -13
right_child=2 4 7 -5 10 -7 -8 8 14 -11 -12 12 17 -15 -16 16 -18 18 19 20 -22 -23 -24 24 -26 26 -28 -29 -30 -31
leaf_value=-0.087554795014497519 0.043461593357264738 -0.044025865119083622 0.088197033368438191 0.074057789045159236 -0.066606864356532 0.037380928815793517 -0.01234916848968599 0.013548204309028722 0.087456388082356007 0.080028210487489759 -0.025585109941235053 -0.07255413840864143 -0.086844887474394783 -0.018256775033321845 0.054016910542725317 0.04382995626977304 0.084777334115291286 -0.043037625854831306 -0.087205173870325559 -0.041829157237562871 -0.083952939078831224 -0.07010583554859208 0.087639089534701078 0.083983473484734089 0.04498601793392578 0.055135724108856504 0.087575785696409503 0.087613288114920668 0.064610047699473483 -0.088083092177552225
leaf_weight=513.40986186265945 15.977660417556761 14.17113780975342 17.921872794628147 16.504707559943199 21.320595055818558 15.466702729463575 21.49370950460434 16.902228489518166 43.014281645417213 15.291285187005995 13.916540816426275 12.294688418507574 344.5690955221653 20.657024055719376 12.801607623696325 12.287080049514772 16.426764965057373 21.113035216927528 106.35114350914955 14.891278088092802 22.1169812977314 18.231520920991898 594.59113429486752 12.753001838922502 12.31972351670265 16.238197028636932 26.701550126075745 292.6907320022583 12.535385653376578 22.326062336564064
leaf_count=2096 64 57 73 67 86 62 86 68 175 62 56 50 1406 83 52 50 67 85 434 60 90 74 2426 52 50 66 109 1194 51 91
internal_value=0.000266311 -0.0808676 0.0817078 0.0305929 -0.0280831 -0.00154319 0.0114483 0.0842104 0.0671077 0.0451249 -0.0504057 -0.0839922 -0.0808524 -0.0585355 0.0797869 0.0856941 0.0672553 -0.083192 -0.0769898 -0.0819901 -0.0670033 -0.0860037 0.0862312 0.0840912 0.0648217 0.0854109 0.0753082 0.0867533 0.0784893 -0.0825684
internal_weight=2317.29 1160.84 1156.45 53.9761 64.875 29.6378 37.4714 1102.47 88.0094 32.1935 35.2371 1095.96 582.551 55.2778 55.8159 1014.47 28.7138 527.273 164.472 143.359 37.0083 362.801 985.752 391.16 25.0727 366.088 42.9397 323.148 30.4573 34.6208
internal_count=9442 4730 4712 217 261 119 150 4495 357 130 142 4469 2373 224 227 4138 117 2149 669 584 150 1480 4021 1595 102 1493 175 1318 124 141
is_linear=0
shrinkage=0.05


Tree=4
num_leaves=31
num_cat=0
split_feature=0 9 9 31 13 23 16 13 28 15 28 0 10 10 18 23 0 4 3 0 15 0 18 0 16 31 0 13 16 13
split_gain=5603.3 71.4262 55.2734 13.9613 15.3311 13.6073 15.3104 8.30158 7.6835 6.284 6.9154 4.69333 11.266 34.865 3.40413 9.13074 20.7814 2.46537 1.88748 1.85044 2.91069 1.61028 3.94559 5.27711 2.6002 8.79188 1.45259 1.4032 0.846358 0.441507
threshold=0.50550264065282646 0.38800718504768344 0.60056180650580882 15.500000000000002 1.0350908270439396 2376.0457930000002 0.029596701696356705 1.0678001458458291 0.88017583088638818 0.0010945793681411957 0.75006485466561468 0.044876253812431606 0.05001554793727795 0.048635384351885393 0.37529394676652039 119.55412500000001 0.11999999495999993 -0.11846599028275882 0.29196488530301151 0.19450231326622394 0.076564176327136552 0.95500000881250025 0.0010107851863533754 0.94405403847539449 0.0068420116505268653 4.5000000000000009 0.72999999968411955 0.99389725451905153 0.051386243316652189 1.0261135546395241
decision_type=2 2 2 2 2 2 2 2 2 2 2 2 2 2 2 2 2 2 2 2 2 2 2 2 2 2 2 2 2 2
left_child=1 11 5 4 -3 6 -2 17 -5 -9 -11 -1 13 27 18 16 -16 -4 -14 -17 -21 22 23 24 26 -26 -19 -13 29 -24
right_child=2 3 7 8 -6 -7 -8 9 -10 10 -12 12 14 -15 15 19 -18 21 -20 20 -22 -23 28 -25 25 -27 -28 -29 -30 -31
leaf_value=-0.084400790328306052 0.04591955908398368 0.029152396979145456 0.063733418709026504 -0.067398279112156248 -0.043818973714586873 0.072749067276277501 -0.01569636146765796 0.031595890475151385 -0.019707657082271554 0.044564719990444521 0.084019928119382734 -0.065974089767502866 -0.083901819227583718 0.0080819374988578795 -0.08692919989152699 -0.084243429819880922 -0.015028798116006326 0.068441920797364289 -0.067396817428056796 -0.087568770997955958 -0.057484806906825087 0.084477431906645167 0.084319218160005774 0.042040794678169624 0.030927888785850385 0.084811524850810047 0.084922551123167184 -0.085801631738918804 0.073000619795139027 0.079253374422616402
leaf_weight=507.78960604965687 19.871799260377884 17.151682600378994 17.776084288954735 20.893949866294861 12.403028219938276 13.440243542194365 20.464240282773972 12.390469595789908 14.175674572587011 16.386175647377968 34.463469535112381 12.638008266687391 325.68360282480717 15.220862716436384 21.69555401802063 98.186371088027954 18.721869140863419 17.26194928586483 18.294772818684578 14.185720726847647 18.55907991528511 513.52477565407753 301.93892131745815 12.619711250066755 12.241461500525473 19.838445127010345 59.301687493920326 30.357504680752754 19.907463163137436 50.154864251613617
leaf_count=2103 80 69 73 85 50 55 82 50 57 67 142 52 1348 61 89 406 76 71 75 58 76 2126 1248 52 50 82 245 125 82 207
internal_value=0.000256331 -0.0778483 0.0786603 -0.0267865 -0.00147101 0.0291775 0.0146591 0.0811066 -0.048121 0.0635254 0.0713056 -0.0809 -0.0778005 -0.0569512 -0.0801558 -0.074398 -0.053624 0.0821917 -0.083024 -0.0808108 -0.0705178 0.0825176 0.0804773 0.072645 0.0761999 0.0642499 0.0812068 -0.0799736 0.0830305 0.0835976
internal_weight=2287.54 1145.96 1141.58 64.6243 29.5547 53.7763 40.336 1087.81 35.0696 63.2401 50.8496 1081.33 573.543 58.2164 515.327 171.349 40.4174 1024.57 343.978 130.931 32.7448 1006.79 493.265 121.263 108.644 32.0799 76.5636 42.9955 372.001 352.094
internal_count=9442 4730 4712 261 119 217 162 4495 142 259 209 4469 2366 238 2128 705 165 4236 1423 540 134 4163 2037 500 448 132 316 177 1537 1455
is_linear=0
shrinkage=0.05


Tree=5
num_leaves=31
num_cat=0
split_feature=0 8 8 16 16 6 24 6 13 16 26 0 0 28 24 13 7 16 17 7 7 24 6 16 24 11 26 15 0 8
split_gain=5196.14 43.2236 39.5357 11.7705 9.53637 9.4049 9.38587 11.7603 5.53648 4.79627 5.12875 4.29856 4.59844 4.33677 4.69843 13.4298 3.81476 13.0875 2.95943 2.49004 2.09314 3.18775 1.4672 1.3361 1.09006 5.09472 5.78271 0.872788 0.859965 0.565798
threshold=0.50550264065282646 0.38884896201321789 0.60728434998992931 0.046106657275481237 0.029596701696356705 0.21324796099254098 1159.2528090000003 0.28768207245178096 0.99733149764201645 0.048762528934826209 -0.16712703802433967 0.044876253812431606 0.048257414670620051 0.76776943391934072 185.298393 0.92360458748237961 0.19000000637342981 0.14484211420604218 0.068269492585373695 0.12000000586668029 0.78999999604998827 5272.3549030000004 -0.45675840152071473 0.031954346341437005 90.199162500000014 1.0033014554301249 -0.15074835845990384 0.0086900979087958952 0.95749999685899079 0.72054258679141114
decision_type=2 2 2 2 2 2 2 2 2 2 2 2 2 2 2 2 2 2 2 2 2 2 2 2 2 2 2 2 2 2
left_child=1 11 4 18 8 9 7 -7 -2 24 -11 -1 -13 -14 15 -15 23 22 -3 -17 21 -8 -18 -16 25 27 -27 29 -28 -4
right_child=2 3 5 -5 -6 6 20 -9 -10 10 -12 12 13 14 16 19 17 -19 -20 -21 -22 -23 -24 -25 -26 26 28 -29 -30 -31
leaf_value=-0.081616594644639454 0.075692814096805019 -0.034841586872749797 0.074131281528401427 -0.0036960816214246781 0.0076924999420419238 0.013571225195404346 0.045419566763677449 0.072673793774852044 0.029863040681265801 0.082771430657160486 0.040205223327288188 -0.053652105737782757 -0.080519139952932473 -0.016578958143632562 -0.06458080214746309 -0.056660691011444955 -0.06065692571895033 -0.022918269192621896 -0.066132292941210577 -0.082455084492804934 0.08308490734102536 0.080218924824653814 -0.080179327365780872 -0.081620832615451999 0.081598501725222816 0.034273179076894741 0.065528158697893621 0.067335379100572815 0.081788369244295556 0.081494929390677706
leaf_weight=501.92267265915871 12.887479573488237 13.949809148907663 28.705558523535728 21.8560531437397 22.031748309731483 17.530868142843246 12.102575182914736 16.18964809179306 13.485642984509466 12.911644846200945 15.65866933763027 23.586684420704842 281.24196888506413 14.135900422930716 12.700906470417975 14.621934771537779 12.083517074584959 14.297114893794058 16.487519696354866 25.979593366384506 33.972639366984367 14.423989817500113 47.286738127470016 122.04115353524685 575.65714006125927 13.002386018633841 16.134186431765556 12.46965569257736 16.393719926476479 285.90976540744305
leaf_count=2115 53 57 120 89 89 71 50 67 55 54 65 98 1179 58 53 61 50 59 67 109 142 60 198 513 2422 54 67 52 69 1203
internal_value=-4.34889e-05 -0.0760758 0.0761738 -0.0316899 0.0319739 0.0781714 0.0630851 0.0419471 0.0522582 0.0796265 0.059442 -0.0782452 -0.0752659 -0.0762024 -0.0715888 -0.0585522 -0.0750128 -0.0658641 -0.0517914 -0.0731657 0.0748668 0.0643419 -0.076206 -0.0800146 0.0802346 0.0781275 0.0624571 0.0803089 0.0737231 0.0808231
internal_weight=2241.66 1122.19 1119.47 52.2934 48.4049 1071.06 94.2197 33.7205 26.3731 976.843 28.5703 1069.9 567.976 544.389 263.147 54.7374 208.409 73.6674 30.4373 40.6015 60.4992 26.5266 59.3703 134.742 948.272 372.615 45.5303 327.085 32.5279 314.615
internal_count=9399 4706 4693 213 197 4496 390 138 108 4106 119 4493 2378 2280 1101 228 873 307 124 170 252 110 248 566 3987 1565 190 1375 136 1323
is_linear=0
shrinkage=0.05


Tree=6
num_leaves=31
num_cat=0
split_feature=0 10 9 24 20 24 6 24 6 15 15 7 10 10 8 14 28 24 13 28 15 10 19 24 3 0 24 26 10 10
split_gain=4778.37 46.5482 44.1688 20.8632 18.2064 14.7121 7.88974 8.8048 11.8849 4.3141 3.46087 2.91826 7.69424 21.9837 2.78706 2.44891 2.19083 3.81092 18.1024 1.37571 1.30365 1.18241 1.744 1.92654 0.798377 0.745008 2.31372 0.560877 0.552591 0.278271
threshold=0.50550264065282646 0.38051953900924823 0.60056180650580882 3789.0295250000004 -2.8811628499050612 2189.8919765000005 0.21324796099254098 1000.5752295000001 0.28768207245178096 0.046513405332703525 0.059422609806519207 0.044894239423942404 0.052309061645412984 0.047400561763998102 0.40100000204337266 0.020517324725530434 0.82185777764934576 193.16030750000002 0.92360458748237961 0.75006485466561468 0.23676083584868915 0.85461619631572239 4.3055093766676729 256.94000000000005 -0.10631576300398594 0.8300000020490218 803.48633250000012 -0.1459837168739257 0.34132402333487671 0.71684409887001443
decision_type=2 2 2 2 2 2 2 2 2 2 2 2 2 2 2 2 2 2 2 2 2 2 2 2 2 2 2 2 2 2
left_child=1 11 5 4 9 -2 10 8 -8 -3 21 -1 13 -13 -5 -7 28 18 -18 -9 24 22 25 -24 -19 29 -27 -25 -14 -4
right_child=2 3 6 14 -6 15 7 19 -10 -11 -12 12 16 -15 -16 -17 17 20 -20 -21 -22 -23 23 27 -26 26 -28 -29 -30 -31
leaf_value=-0.079151198714259269 -1.5754135516028732e-05 -0.053239818054718828 0.080313049224902788 -0.079991981286925334 0.031790667194384864 0.067140656303775706 0.012912151270878622 0.060970198209738459 0.072810761360624018 -0.014425568999300359 0.054879413668877032 -0.080556016781904383 -0.079017022201767997 -0.01465971781475613 -0.048922381915593158 0.036976525776500423 -0.0086755139059576727 -0.068382024925771487 -0.077852523607156665 0.079071255803149429 -0.060329412931059125 0.078656256413249401 0.048056781004579913 0.079675894420412605 -0.079028180515571256 0.051871705295355487 0.079634393059561992 0.065111411971648145 -0.069553540753890003 0.076160333251748202
leaf_weight=489.02911421656609 24.116140559315681 16.396541029214863 65.994405150413513 17.854381784796718 14.819023773074148 15.013637959957125 17.50508151948452 14.460459694266317 15.716652601957319 12.706903576850889 17.027217000722885 33.864389687776566 279.91469483077526 20.210002079606056 12.116138115525244 12.193453833460806 12.863157942891119 21.074292242527008 35.713463217020035 38.295819878578186 12.44699054956436 704.84545259177685 11.848233237862585 13.085764825344084 107.1313935816288 11.82021853327751 20.554594352841377 13.358036682009699 16.325259953737259 103.7767493724823
leaf_count=2102 97 67 281 75 60 62 71 61 66 52 72 144 1198 83 50 50 53 90 152 163 53 3026 50 56 458 50 88 57 69 443
internal_value=-4.19022e-05 -0.0736 0.0737071 -0.0352686 -0.0133223 0.0284183 0.0759244 0.0614125 0.0412492 -0.0362931 0.077221 -0.0763538 -0.0738182 -0.0559276 -0.0674315 0.0536219 -0.075811 -0.0716084 -0.0595344 0.0741098 -0.0757783 0.0776234 0.0745957 0.0648116 -0.0772782 0.0764491 0.0694981 0.0723187 -0.0784955 0.0777746
internal_weight=2202.08 1102.47 1099.61 73.893 43.9225 51.3232 1048.29 85.978 33.2217 29.1034 962.311 1028.57 539.544 54.0744 29.9705 27.2071 485.469 189.229 48.5766 52.7563 140.653 945.283 240.438 38.292 128.206 202.146 32.3748 26.4438 296.24 169.771
internal_count=9399 4706 4693 304 179 209 4484 361 137 119 4123 4402 2300 227 125 112 2073 806 205 224 601 4051 1025 163 548 862 138 113 1267 724
is_linear=0
shrinkage=0.05


Tree=7
num_leaves=31
num_cat=0
split_feature=7 9 10 23 23 10 9 13 15 24 7 10 10 13 10 23 19 7 28 24 13 13 5 3 24 19 23 7 13 20
split_gain=4393 54.0535 41.1819 19.6326 18.3969 15.2993 12.7192 11.8991 5.77861 3.94451 2.85683 7.45947 24.184 2.59438 2.4581 3.85283 12.154 3.11052 2.41089 3.9428 15.742 1.61335 1.43293 0.840167 0.530323 0.505558 1.37134 0.429982 1.01622 2.34328
threshold=0.49600000062721461 0.61575000486561959 0.38051953900924823 1291.6960395000003 2256.8493800000001 0.58818095154114514 0.55077850078347712 0.97063495662726096 0.045087958976004518 4236.7272350000012 0.044894239423942404 0.05001554793727795 0.047400561763998102 0.89720610479815266 0.85818148715615505 45.961590000000008 4.5883146774112218 0.83923525521253606 0.82185777764934576 193.16030750000002 0.92360458748237961 1.0288505145392042 0.49707999509636375 -0.10631576300398594 95.241000000000028 -4.5883146774112573 29.955000000000005 0.71000001798000145 0.99999862062595113 -1.6709311213168034
decision_type=2 2 2 2 2 2 2 2 2 2 2 2 2 2 2 2 2 2 2 2 2 2 2 2 2 2 2 2 2 2
left_child=2 4 10 7 5 6 -2 -4 14 -10 -1 12 -12 -5 15 16 17 21 -13 20 -20 27 23 -21 -22 26 -16 -3 29 -29
right_child=1 8 3 13 -6 -7 -8 -9 9 -11 11 18 -14 -15 25 -17 -18 -19 19 22 24 -23 -24 -25 -26 -27 -28 28 -30 -31
leaf_value=-0.076932855599131239 0.018737611820593088 0.078076343998331424 -0.035760858765448128 -0.081457887633880455 0.075957082761005365 0.058307299846435734 -0.042614521468461064 0.018735820178163547 0.036611784186623413 0.069448454824943953 -0.078194319745364962 -0.076387746039729074 -0.0050156569417591813 -0.051591869627845267 0.056152415663372215 0.07640954654571655 0.017359611768621518 0.046049176729440339 -0.0099976015377286551 -0.066738884219343708 -0.078384773539197927 0.058149870474538151 -0.061737355353387702 -0.077608112032282184 -0.065326887965704031 0.076500546197821775 0.077143955644316337 0.077754630378056466 0.07780825127348677 0.047389725620922647
leaf_weight=478.24605147540569 20.765591472387314 44.192534223198891 23.002059414982796 13.840928971767427 13.987662985920904 12.453185647726057 14.241358876228331 17.742699548602104 16.875125572085381 19.967023909091949 33.160589590668678 289.76277910172939 17.118473306298256 15.319671198725699 11.473437666893004 145.8647890239954 12.308773726224898 12.914616599678991 13.095086753368376 21.838018298149109 23.952541157603264 18.044554471969604 22.202650099992752 95.654339194297791 11.51304319500923 659.6560981720686 24.171067923307419 14.228720560669899 29.377037778496742 11.479650318622589
leaf_count=2102 84 192 95 59 59 52 58 72 72 86 144 1266 70 64 50 635 52 55 54 95 104 76 96 418 50 2893 106 62 128 50
internal_value=-4.09164e-05 0.0711071 -0.0715559 -0.0344462 0.0255629 0.0107105 -0.00622137 -0.0120298 0.0738493 0.054408 -0.0741332 -0.0715987 -0.0532792 -0.0657676 0.0745774 0.0706966 0.0648507 0.0693391 -0.0735256 -0.0691202 -0.0568473 0.0719029 -0.0733865 -0.0755879 -0.0741458 0.0761871 0.0703871 0.0744026 0.0714553 0.0641957
internal_weight=2158.45 1082 1076.45 69.9054 61.4478 47.4601 35.007 40.7448 1020.55 36.8421 1006.54 528.298 50.2791 29.1606 983.711 288.411 142.546 130.237 478.018 188.256 48.5607 117.322 139.695 117.492 35.4656 695.301 35.6445 99.2779 55.0854 25.7084
internal_count=9399 4710 4689 290 253 194 142 167 4457 158 4399 2297 214 123 4299 1250 615 563 2083 817 208 508 609 513 154 3049 156 432 240 112
is_linear=0
shrinkage=0.05


Tree=8
num_leaves=31
num_cat=0
split_feature=0 10 10 24 0 31 6 6 6 24 20 24 15 16 0 10 10 17 24 5 10 24 4 6 15 16 10 12 28 10
split_gain=4069.65 42.4594 37.576 25.8542 18.6092 15.7168 13.502 6.88149 8.10098 12.5763 6.30194 5.38753 4.40369 3.54566 2.88562 6.93651 23.0042 2.39591 9.10481 2.51828 1.09891 0.990614 4.37038 1.91186 1.31799 0.996026 0.895938 0.894642 1.40824 0.581751
threshold=0.50550264065282646 0.38051953900924823 0.60559862803820652 5031.330511000001 0.36050000000000004 12.500000000000002 0.053109811056433483 0.21324796099254098 0.28768207245178096 1159.2528090000003 -4.3523110546888555 1700.2783515000003 0.059422609806519207 0.037086764457258614 0.044876253812431606 0.05001554793727795 0.047400561763998102 0.23235050448172814 193.16030750000002 0.39213086631833355 0.33171459361575395 90.199162500000014 0.004889063103526191 0.023321897508059655 0.0086900979087958952 0.051386243316652189 0.68731632345218896 1.0020091445866177 0.64640123833069019 0.72334277203386355
decision_type=2 2 2 2 2 2 2 2 2 2 2 2 2 2 2 2 2 2 2 2 2 2 2 2 2 2 2 2 2 2
left_child=1 14 3 6 10 -6 -2 12 9 -9 -3 -8 21 -7 -1 16 -16 -17 -19 20 -20 22 24 -24 27 -23 -10 29 -29 -4
right_child=2 4 7 -5 5 13 11 8 26 -11 -12 -13 -14 -15 15 17 -18 18 19 -21 -22 25 23 -25 -26 -27 -28 28 -30 -31
leaf_value=-0.074932063645171673 -0.032464844459224089 -0.074876510040791669 0.067328959180439935 0.072269996146313048 0.033914333894577098 -0.052117717813368193 0.0045648578695222219 0.0094716444520085222 0.06006011608179386 0.076150133187369184 -0.02983970926520459 0.050324204457782407 0.048371292066714727 -0.014171073170631829 -0.076099412632737548 -0.07415021532477932 -0.0047678564039817005 -0.036941016874284374 -0.074640427325732298 -0.049935218500672091 -0.059387459942801826 0.075129388996875338 0.064685205954756519 0.036088541874204447 0.056680451506580257 0.060958862514266104 0.07671112992635809 0.076046079375821321 0.052129805085636485 0.074988892881729829
leaf_weight=468.23353409767151 13.826886534690855 22.451803222298622 27.333054676651955 25.08427982032299 13.867415860295294 11.985822021961214 12.1638620197773 17.339415177702907 11.621080443263052 11.94204145669937 11.876145929098127 13.651268437504767 17.809184223413467 12.655946269631384 33.308797955513 294.7276409715414 17.108036801218987 22.330444321036339 122.86943255364895 12.750767454504965 13.063951939344404 538.4800368398428 11.801108136773111 11.579953819513319 12.079290702939032 12.692782536149023 26.501869112253189 12.5908562541008 12.041441276669502 266.1184623837471
leaf_count=2109 56 96 121 109 56 50 50 71 51 53 50 56 77 52 148 1317 70 95 550 56 57 2417 52 50 53 56 117 56 53 1195
internal_value=-4.00588e-05 -0.0693642 0.0694532 0.0325442 -0.0325275 -0.00866593 0.00740698 0.0718665 0.056444 0.0366656 -0.0592955 0.0287628 0.0729933 -0.0326284 -0.0720898 -0.0695114 -0.0518943 -0.0714185 -0.0667106 -0.0711816 -0.0731745 0.073478 0.0714122 0.0505221 0.0728915 0.0748031 0.0716354 0.0735072 0.0643547 0.0742754
internal_weight=2111.89 1057.23 1054.66 64.7263 72.8371 38.5092 39.642 989.931 67.4044 29.2815 34.3279 25.8151 922.526 24.6418 984.393 516.159 50.4168 465.742 171.015 148.684 135.933 904.717 353.544 23.3811 330.163 551.173 38.1229 318.084 24.6323 293.452
internal_count=9399 4706 4693 271 304 158 162 4422 292 124 146 106 4130 102 4402 2293 218 2075 758 663 607 4053 1580 102 1478 2473 168 1425 109 1316
is_linear=0
shrinkage=0.05


Tree=9
num_leaves=31
num_cat=0
split_feature=1 9 9 24 28 9 24 28 28 6 31 1 9 5 4 7 24 13 24 28 9 15 4 24 11 1 17 1 15 9
split_gain=3765.31 38.7608 37.1876 10.844 11.0701 16.3117 9.77892 8.46302 19.211 6.40382 7.4444 3.72249 6.25518 11.1168 3.53445 3.25358 3.76448 3.13954 14.5003 10.2912 3.1124 3.66146 2.97195 0.970566 5.19759 5.97691 0.56939 1.38952 0.480794 0.601875
threshold=-0.68220542586745936 0.61575000486561959 0.38800718504768344 5606.9865880000007 0.98387740132405588 0.53443853480809123 3961.9739235000002 0.99609102782484837 0.90806122357414698 0.21324796099254098 4.5000000000000009 -3.1038484052955435 0.049999999999999996 0.062466842520831019 -0.11846599028275882 0.78999999604998827 4684.8272480000005 0.92360458748237961 273.59661150000005 0.63426397092476672 0.29547176414382276 0.073366251586023876 0.43128265107435054 90.199162500000014 1.0033014554301249 -0.043429697548945025 0.37578934894957344 -2.1202635782000931 0.0065297153626083307 0.7279135390701672
decision_type=2 2 2 2 2 2 2 2 2 2 2 2 2 2 2 2 2 2 2 2 2 2 2 2 2 2 2 2 2 2
left_child=2 3 11 4 5 -2 7 8 -4 14 -11 -1 13 -13 -3 16 -12 18 19 -14 -20 -22 26 24 28 -26 -19 -28 29 -16
right_child=1 9 6 -5 -6 -7 -8 -9 -10 10 15 12 17 -15 23 -17 -18 22 20 -21 21 -23 -24 -25 25 -27 27 -29 -30 -31
leaf_value=-0.073131857047270973 0.032983184054825782 0.049997008493558565 -0.038663063224871307 0.062063182976263537 0.05232619998551355 -0.043181395046918009 -0.05811406956157128 -0.049425377722986899 0.045170856906256301 0.030412350954655044 0.030372123859731849 -0.02391945539989776 -0.06414752714380853 -0.071423855163110242 0.065120664269273529 0.074777598215920463 0.070648928206932443 -0.073561574198802354 -0.073638408451060608 -0.00092901299413491567 -0.072352703186239112 -0.032996271940349368 -0.050743157077566395 0.072963895823212582 0.035619082359546854 0.073785794107878555 -0.074158580741971389 -0.054397237253137831 0.061644140367988112 0.072978587121497115
leaf_weight=457.15661799907684 14.63367120921612 19.290274992585182 14.561737313866617 16.399385094642639 12.899189755320547 13.528265029191969 19.302881643176079 12.164066448807715 12.876277610659598 20.505670458078384 11.45519730448723 22.356284007430077 11.54976871609688 27.420980557799339 26.884666427969933 36.006442561745644 11.75437557697296 259.73293839395046 102.38478572666645 14.543936207890509 12.353260293602945 11.329617649316786 16.220920950174332 533.85591386258602 22.603017300367355 18.780583754181862 24.749635338783264 13.886742696166037 11.113479912281035 260.38449338078499
leaf_count=2114 59 86 60 72 54 55 82 50 52 86 50 95 51 124 122 163 53 1194 470 61 55 50 73 2458 99 86 113 62 50 1200
internal_value=-3.90429e-05 0.0675972 -0.0675118 0.0276931 0.013966 -0.00360431 -0.0289339 -0.0147109 0.000679026 0.0699546 0.0563768 -0.0698457 -0.0669372 -0.0500884 0.0711669 0.0653679 0.0507701 -0.0687341 -0.0628378 -0.0289112 -0.0698599 -0.053525 -0.071586 0.0716344 0.0695453 0.0529398 -0.0727191 -0.0670559 0.0718484 0.0722432
internal_weight=2062.69 1030.09 1032.59 57.4605 41.0611 28.1619 58.905 39.6021 27.438 972.634 79.7217 973.685 516.529 49.7773 892.912 59.216 23.2096 466.752 152.161 26.0937 126.068 23.6829 314.59 873.622 339.766 41.3836 298.369 38.6364 298.383 287.269
internal_count=9399 4693 4706 240 168 114 244 162 112 4453 352 4462 2348 219 4101 266 103 2129 687 112 575 105 1442 4015 1557 185 1369 175 1372 1322
is_linear=0
shrinkage=0.05


Tree=10
num_leaves=31
num_cat=0
split_feature=7 10 10 24 18 23 7 6 6 24 15 1 10 10 13 6 28 17 1 24 8 1 1 10 24 11 6 23 10 15
split_gain=3444.11 60.0236 28.4528 23.6543 20.0312 11.8657 11.5666 8.31246 10.3295 14.4022 5.5916 3.68658 6.71399 23.0865 3.31343 6.48577 2.42902 4.13299 12.1374 14.5771 1.45657 1.10093 4.09673 0.932562 0.910735 6.30571 1.02903 0.920163 0.829466 0.693496
threshold=0.51299997548506993 0.38051953900924823 0.60559862803820652 5272.3549030000004 0.11111112170450056 262.85875650000008 0.65000000408333369 0.21324796099254098 0.28768207245178096 1159.2528090000003 0.059422609806519207 -3.1038484052955435 0.05001554793727795 0.048635384351885393 0.83330031371561952 -0.25789400723053763 0.82185777764934576 0.23235050448172814 -2.1202635782000931 2413.5649655000002 0.046338660402640126 -0.046043929273657989 -0.049190207401552548 0.34132402333487671 90.199162500000014 1.0144945556323706 -0.10536095102542788 18.874675500000006 0.68731632345218896 0.084258227036945452
decision_type=2 2 2 2 2 2 2 2 2 2 2 2 2 2 2 2 2 2 2 2 2 2 2 2 2 2 2 2 2 2
left_child=1 11 3 6 -3 -6 -2 10 9 -9 21 -1 13 20 -7 -16 23 29 -19 -20 -13 22 24 -14 25 27 -26 -4 -10 -18
right_child=2 4 7 -5 5 14 -8 8 28 -11 -12 12 16 -15 15 -17 17 18 19 -21 -22 -23 -24 -25 26 -27 -28 -29 -30 -31
leaf_value=-0.071500247048056298 -0.012727130824676537 0.037241796042170733 0.070114788265443984 0.07004806056278956 -0.0019671443648186424 -0.069145554330686462 0.045505703548673809 -0.00011965645793639968 0.056746736214778493 0.072957936160401235 0.041588573931661828 -0.053249071419717464 -0.070993100202819098 0.010530681902231749 -0.014668373543851553 -0.062158745859742674 -0.071243179216703631 -0.072458076660804005 -0.0058605786420688685 -0.072774468693791478 -0.074122168714427616 0.071582152976723407 0.038325020332553326 -0.057851022333075999 0.059931065666085449 0.033298163366594968 0.071530940121447381 0.054931975096266121 0.073174974169618309 -0.061320158213432709
leaf_weight=449.36371840536594 24.153587162494659 12.104377716779707 127.90406174957752 25.858154118061066 20.601374357938766 13.114031270146368 13.180559620261191 17.458648011088375 10.96398715674877 10.983986645936964 17.91986808180809 12.330812245607374 248.4450469315052 12.644158557057379 14.136594399809836 14.629282042384149 82.269377410411835 39.819499805569649 20.943541169166565 13.312819644808767 25.940602973103523 433.17190837860107 11.320931941270826 14.274182274937628 20.773913115262985 13.636828005313872 239.98001544177532 10.82379165291786 25.67915852367878 22.401924014091492
leaf_count=2137 98 50 599 117 85 59 56 72 50 51 80 57 1171 51 60 62 386 187 91 62 119 2057 52 65 96 60 1133 50 119 104
internal_value=7.62308e-05 -0.064806 0.0657678 0.0332904 -0.021629 -0.0330339 0.00783156 0.0679497 0.0507103 0.0281015 0.0692313 -0.0682256 -0.065237 -0.0480448 -0.0483161 -0.0388203 -0.0672198 -0.0627235 -0.0536858 -0.0318649 -0.067397 0.0698089 0.0679991 -0.0702791 0.0688122 0.0657411 0.0706068 0.0689302 0.0682595 -0.0691194
internal_weight=2020.14 1016.33 1003.81 63.1923 74.5857 62.4813 37.3341 940.617 65.0858 28.4426 875.531 941.746 492.382 50.9156 41.8799 28.7659 441.466 178.747 74.0759 34.2564 38.2714 857.611 424.44 262.719 413.119 152.365 260.754 138.728 36.6431 104.671
internal_count=9436 4746 4690 271 316 266 154 4419 292 123 4127 4430 2293 227 181 122 2066 830 340 153 176 4047 1990 1236 1938 709 1229 649 169 490
is_linear=0
shrinkage=0.05


Tree=11
num_leaves=31
num_cat=0
split_feature=7 10 10 24 31 13 6 28 16 17 5 28 13 7 10 10 24 6 9 4 13 6 24 5 5 28 3 10 4 10
split_gain=3195.43 57.9544 27.6415 22.1967 18.393 12.5182 10.8734 8.99035 8.21772 9.29405 8.38743 8.89743 5.50796 3.71378 6.90617 21.2933 2.45489 8.75382 12.7912 2.42618 4.5484 2.90423 15.107 1.71778 3.35582 1.37592 1.34408 1.17197 1.04561 0.639414
threshold=0.51299997548506993 0.38051953900924823 0.60559862803820652 5272.3549030000004 15.500000000000002 0.98855133322753008 0.18232160058184591 0.91172228442114378 0.048762528934826209 0.11355328634303312 0.21357409594289081 0.97366721046059734 0.91658185008755233 0.044894239423942404 0.05001554793727795 0.048635384351885393 90.199162500000014 0.084866453684347018 0.95230172078652708 0.51863461695653479 0.93547626991711896 -0.51933462635053795 193.16030750000002 0.0021119913666532027 0.0080442887506969821 0.78751679462030222 0.30709691056416627 0.86339450514973171 -0.034772604348239422 0.72334277203386355
decision_type=2 2 2 2 2 2 2 2 2 2 2 2 2 2 2 2 2 2 2 2 2 2 2 2 2 2 2 2 2 2
left_child=1 13 3 6 5 -3 -2 12 10 -10 16 -12 -6 -1 15 25 17 23 -19 21 -21 22 -16 28 -25 -15 -23 -26 -4 -30
right_child=2 4 8 -5 7 -7 -8 -9 9 -11 11 -13 -14 14 19 -17 -18 18 -20 20 -22 26 -24 24 27 -27 -28 -29 29 -31
leaf_value=-0.070031081895085001 -0.01845203968961551 -0.019007179711982684 0.053102825529383405 0.068203716366057959 -0.034807241214094106 0.048288948134463501 0.035644171337211435 -0.0049938024472639207 0.065057372892425011 0.011656514703467536 0.064936314009623478 0.0054775371746113195 -0.075694054380707601 -0.050276522498109683 -0.011384704881362498 0.0099952875532558806 0.070337342948673928 0.0021309204876050051 0.074586044247991187 -0.070910326101473894 -0.02621209133368926 -0.069158210201780854 -0.068301266572170505 0.033850842384324863 0.053232018148873343 -0.0717133486142736 -0.051313966864780985 0.070741367848899436 0.061881799242249361 0.070234821122151916
leaf_weight=433.93315461277962 19.387679040431976 15.320552349090578 10.246802583336828 25.245105534791946 17.596619665622711 12.588479936122893 17.833516761660576 13.09063385426998 18.845295444130898 14.354091182351111 14.486742824316025 11.122326970100403 15.485682025551794 10.610989123582838 14.28432275354862 12.655078664422033 513.91611617803574 13.011044532060625 11.453408986330031 12.04944944381714 10.78601513803005 322.0752480328083 63.420888453722 10.661038160324095 14.068305075168608 25.411430507898331 10.91030941903591 29.802374690771103 25.472203120589256 227.81088109314442
leaf_count=2125 79 64 48 117 79 51 75 55 88 65 69 48 67 49 61 51 2500 57 53 58 50 1557 307 51 64 121 51 144 121 1111
internal_value=7.41322e-05 -0.0632355 0.0641933 0.0320129 -0.020698 0.011347 0.00746668 -0.0400675 0.0663896 0.041969 0.0673088 0.0391127 -0.0539462 -0.0666752 -0.0636553 -0.045798 0.0681519 0.064873 0.0360519 -0.0656604 -0.0497977 -0.0665424 -0.0578385 0.0670898 0.0590121 -0.0653988 -0.0685735 0.0651265 0.0687613 0.0693948
internal_weight=1967.94 990.219 977.717 62.4663 74.082 27.909 37.2212 46.1729 915.251 33.1994 882.051 25.6091 33.0823 916.137 482.204 48.6775 856.442 342.526 24.4645 433.526 22.8355 410.691 77.7052 318.062 54.5317 36.0224 332.986 43.8707 263.53 253.283
internal_count=9436 4746 4690 271 316 115 154 201 4419 153 4266 117 146 4430 2305 221 4149 1649 110 2084 108 1976 368 1539 259 170 1608 208 1280 1232
is_linear=0
shrinkage=0.05


Tree=12
num_leaves=31
num_cat=0
split_feature=1 9 9 31 7 16 6 31 16 16 26 31 22 1 9 16 7 18 1 22 16 22 4 18 1 1 18 12 31 13
split_gain=2970.55 52.0576 29.6284 10.1822 9.41156 12.4957 8.91313 9.28777 8.61738 6.1952 7.96846 5.80207 4.53627 4.46861 5.51491 14.5911 4.36224 3.9839 11.3213 15.5268 5.40607 2.911 2.53847 1.41872 0.878881 4.4198 1.09652 2.04946 4.09495 1.74819
threshold=-0.68220542586745936 0.38800718504768344 0.61575000486561959 15.500000000000002 0.65000000408333369 0.030363506237116838 0.21324796099254098 4.5000000000000009 0.036196816302147515 0.048762528934826209 -0.14787124698221624 41.500000000000007 10.867169500000001 -3.1038484052955435 0.049999999999999996 0.028556473894942293 0.78999999604998827 0.37529394676652039 -1.5606475214787168 58.555000000000007 0.048762528934826209 298.03625800000003 0.34663232611976319 0.11477171212022354 -0.046043929273657989 -0.049190207401552548 1.0000000180025095e-35 1.0109829913686457 4.5000000000000009 0.99999862062595113
decision_type=2 2 2 2 2 2 2 2 2 2 2 2 2 2 2 2 2 2 2 2 2 2 2 2 2 2 2 2 2 2
left_child=1 13 4 8 5 12 9 -8 -3 24 -11 -5 -2 -1 15 -15 21 22 20 -20 -19 -9 -16 -24 25 26 27 29 -29 -4
right_child=2 3 6 11 -6 -7 7 16 -10 10 -12 -13 -14 14 17 -17 -18 18 19 -21 -22 -23 23 -25 -26 -27 -28 28 -30 -31
leaf_value=-0.068666447049871557 0.018624924218609524 -0.019815675372191876 0.047569000304104991 -0.052242408956488198 0.062577459984327219 -0.015657299837934222 0.019079942047020421 0.025268671400899591 0.037149894822432548 0.071420954351965854 0.013814640523111342 -0.0087152088231108524 0.060907094723508172 -0.014398686023371224 -0.068371224182696935 -0.069739797333749728 0.070301822644512429 -0.033667829054008634 0.012482505319089688 -0.062100581857510155 -0.067382567333140284 0.061313921158808571 -0.061476999067193651 -0.037650599339224058 0.068739313068703539 0.033403585612654163 0.067794896834387636 0.025910252412325193 0.069388755777913216 0.069313233507927632
leaf_weight=424.38206331431866 13.277948483824732 14.43982954323292 11.055343583226202 19.739266246557236 14.688823580741881 17.957925513386726 19.871999949216843 12.170525252819063 12.288564041256903 11.503757372498514 12.554457798600195 12.50686591863632 12.146160736680029 21.109419375658035 257.86419861018658 27.332327753305435 33.515227079391479 13.426553085446356 12.78849793970585 15.358899950981138 103.89682979881763 10.377139225602148 15.713397800922396 10.371400877833365 406.46291291713715 10.492198213934897 289.49669510126114 10.622953593730928 11.047431141138075 56.404540255665779
leaf_count=2144 56 59 54 84 65 74 85 56 51 55 58 54 55 92 1290 132 164 62 57 73 512 50 76 50 2050 50 1442 50 55 281
internal_value=7.24015e-05 -0.0619576 0.0625949 -0.0164451 0.0279849 0.0162721 0.0648391 0.0484512 0.00637464 0.0663574 0.0413599 -0.0353601 0.0388249 -0.0649325 -0.0616165 -0.0456238 0.0588621 -0.0634205 -0.0566921 -0.0282145 -0.0635242 0.0418578 -0.0668676 -0.0520035 0.0671133 0.0654148 0.0663019 0.0614526 0.0480753 0.0657498
internal_weight=1914.86 961.218 953.646 58.9745 58.0709 43.382 895.575 75.9349 26.7284 819.64 24.0582 32.2461 25.4241 902.244 477.862 48.4417 56.0629 429.42 145.471 28.1474 117.323 22.5477 283.949 26.0848 795.582 389.119 378.627 89.1303 21.6704 67.4599
internal_count=9436 4736 4700 248 250 185 4450 355 110 4095 113 138 111 4488 2344 224 270 2120 704 130 574 106 1416 126 3982 1932 1882 440 105 335
is_linear=0
shrinkage=0.05


Tree=13
num_leaves=31
num_cat=0
split_feature=0 10 10 24 24 18 10 6 31 16 17 18 11 16 7 0 10 10 17 24 5 19 24 11 0 7 3 4 24 10
split_gain=2762.06 52.5625 30.0217 20.2564 17.9183 14.5142 12.8064 8.45172 9.73909 7.04548 9.6903 6.59489 5.47413 4.15207 3.89358 3.64859 6.45943 20.6775 2.99217 8.62243 4.42829 1.35836 1.20839 4.08201 5.75909 1.09303 1.04713 0.595951 1.02115 0.487821
threshold=0.50550264065282646 0.38051953900924823 0.60559862803820652 3789.0295250000004 5272.3549030000004 0.093464362587717828 0.43621964745160596 0.21324796099254098 4.5000000000000009 0.048762528934826209 0.11355328634303312 0.39544242843341254 1.0912935059550979 0.073697355071102158 0.78999999604998827 0.044876253812431606 0.05001554793727795 0.047400561763998102 0.23235050448172814 193.16030750000002 0.39213086631833355 3.3051221112123721 90.199162500000014 1.0027279257246842 0.95749999685899079 0.25021756232450537 -8.0229138687569872e-05 0.3798990659134861 1221.8878035000002 0.72334277203386355
decision_type=2 2 2 2 2 2 2 2 2 2 2 2 2 2 2 2 2 2 2 2 2 2 2 2 2 2 2 2 2 2
left_child=1 15 4 6 5 12 -3 9 -9 22 -11 -8 -2 -5 -10 -1 17 -17 27 -20 25 -6 23 26 -25 -21 -4 -18 -29 -28
right_child=2 3 7 13 21 -7 11 8 14 10 -12 -13 -14 -15 -16 16 18 -19 19 20 -22 -23 -24 24 -26 -27 29 28 -30 -31
leaf_value=-0.067425846805226064 0.006167703632857395 0.036908041292273673 0.05052747959313221 -0.034073198745218504 0.07087975207501139 -0.037008074361046729 -0.042290494425255051 0.016149219494722571 0.03533481221095975 0.067356915862502614 0.0052862703058019532 0.0052018130747250174 0.052101795035169568 -0.073666193297082114 0.068901420035571218 -0.068912831480906211 -0.067013254539421793 -0.0012003959231610944 -0.028184331692325079 -0.067074144270908076 -0.033264289810320515 0.047227871305525276 0.067499718911744111 0.030667071802297791 0.067961613808280016 -0.052050509180999217 0.059932243580513814 -0.048040564573668683 -0.069076211749477534 0.067074864493054318
leaf_weight=409.54889568686485 13.525486394762995 15.965731292963026 10.900842875242232 13.046835988759996 14.650859624147417 12.708461195230482 14.760401085019113 19.106196969747543 12.150781497359274 13.810373425483705 11.543786644935606 14.481148838996885 12.462449491024016 13.445893511176108 29.893644884228706 30.165983363986015 232.85569998621941 18.003388628363609 21.668267905712128 101.89176844060421 11.905990049242972 10.365314811468123 463.87553851306438 21.219653025269508 20.210882872343063 13.739043831825255 26.625432133674622 11.504412442445757 11.572764486074446 233.94564957916737
leaf_count=2137 57 67 55 59 71 52 61 82 58 67 53 61 52 63 151 152 1198 75 98 524 58 50 2404 99 104 68 133 57 58 1212
internal_value=7.06101e-05 -0.060587 0.061223 -0.0194517 0.0281012 0.00678155 0.000892941 0.0636675 0.0457495 0.0650334 0.0390961 -0.0187711 0.0281953 -0.0541679 0.0592007 -0.0640052 -0.0609148 -0.0436052 -0.0629728 -0.0573451 -0.0622994 0.0610797 0.06588 0.0634789 0.0488603 -0.0652891 0.0657099 -0.0662537 -0.0585895 0.066345
internal_weight=1861.55 934.556 926.995 71.7 63.7126 38.6964 45.2073 863.283 61.1506 802.132 25.3542 29.2415 25.9879 26.4927 42.0444 862.856 453.307 48.1694 405.138 149.205 127.537 25.0162 776.778 312.902 41.4305 115.631 271.472 255.933 23.0772 260.571
internal_count=9436 4736 4700 311 282 161 189 4418 291 4127 120 122 109 122 209 4425 2288 227 2061 748 650 121 4007 1603 203 592 1400 1313 115 1345
is_linear=0
shrinkage=0.05


Tree=14
num_leaves=31
num_cat=0
split_feature=0 10 10 24 24 18 10 16 28 18 20 16 0 10 10 10 17 24 5 24 13 24 5 5 19 4 11 0 10 10
split_gain=2571.11 51.0875 29.3735 18.7818 16.8711 13.1139 11.5532 7.3111 21.3077 5.99994 5.41615 4.00773 3.7219 6.33982 19.7108 3.35017 2.99501 8.45564 4.35034 2.38882 6.30855 10.2122 1.90969 3.96054 1.32963 1.26986 1.22454 0.929929 0.646842 1.51339
threshold=0.50550264065282646 0.38051953900924823 0.60559862803820652 3789.0295250000004 5272.3549030000004 0.093464362587717828 0.43621964745160596 0.027798942978727693 0.98583911920592671 0.39544242843341254 6.530099394213436 0.073697355071102158 0.044876253812431606 0.05001554793727795 0.047400561763998102 0.66857547841877729 0.23235050448172814 193.16030750000002 0.39213086631833355 123.92641000000002 1.0146245152290245 11.191922500000002 0.0021119913666532027 0.0080442887506969821 3.3051221112123721 -0.030755782270221622 1.0244114919338803 0.23000000324613185 0.72334277203386355 0.66195682030381986
decision_type=2 2 2 2 2 2 2 2 2 2 2 2 2 2 2 2 2 2 2 2 2 2 2 2 2 2 2 2 2 2
left_child=1 12 4 6 5 10 -3 19 15 -8 -2 -5 -1 14 -14 -9 -15 -18 27 20 22 -22 25 -24 -6 -4 -25 -19 29 -27
right_child=2 3 7 11 24 -7 9 8 -10 -11 -12 -13 13 16 -16 -17 17 18 -20 -21 21 -23 23 26 -26 28 -28 -29 -30 -31
leaf_value=-0.066289655960091273 0.0034121457239970929 0.034997132388593304 0.046883433605975154 -0.032742334623744429 0.069460387742419458 -0.035051022168338719 -0.040416992907950366 0.037624570395560844 -0.0032912856609396746 0.0049366741660473445 0.049183443751196279 -0.072021929725862355 -0.067656588131962278 -0.065029206087691582 -0.001140594883490485 0.067077718786786908 -0.027024163195519691 -0.065871271417543342 -0.032055784768994421 0.06642308025214981 0.069598206591358652 0.017391500580597071 0.027710565626751685 0.067226168464348299 0.045777106454494995 0.06858479267775261 0.04704990304007689 -0.052685110505662769 0.066509765094202408 0.042949717144384746
leaf_weight=396.08150732517242 12.588713183999063 15.994807258248327 9.3522892594337446 12.902034282684328 14.213806688785555 12.746099084615706 14.674572214484217 12.022556483745573 16.159492790699005 14.495576351881025 13.282499268651007 13.07463116943836 29.213937520980835 247.91871275007725 18.000010654330254 49.023194149136543 21.473627358675003 96.55377534031868 11.741362288594244 421.59116224944592 17.403694704174995 20.285187005996704 10.971913158893583 27.920721158385277 10.164283052086828 13.685470670461656 10.292375132441519 15.519832745194433 218.52190478146076 9.9382134228944761
leaf_count=2137 52 67 48 59 71 52 61 59 77 61 57 63 152 1313 75 253 98 513 58 2254 85 96 56 147 50 70 50 79 1172 51
internal_value=6.89399e-05 -0.0593134 0.0599448 -0.0186371 0.0270188 0.00646005 0.000846458 0.0624224 0.0477626 -0.0178793 0.0269115 -0.0525126 -0.0627728 -0.0596099 -0.0422978 0.0612771 -0.0616886 -0.0559884 -0.0610117 0.0639117 0.0607826 0.0414991 0.0631997 0.0541892 0.0595858 0.0649618 0.0617919 -0.0640453 0.0656601 0.0578004
internal_weight=1807.81 907.644 900.164 71.1416 62.9954 38.6173 45.165 837.168 77.2052 29.1701 25.8712 25.9767 836.503 440.421 47.2139 61.0458 393.207 145.289 123.815 759.963 338.372 37.6889 300.683 49.185 24.3781 251.498 38.2131 112.074 242.146 23.6237
internal_count=9436 4736 4700 311 282 161 189 4418 389 122 109 122 4425 2288 227 312 2061 748 650 4029 1775 181 1594 253 121 1341 197 592 1293 121
is_linear=0
shrinkage=0.05


Tree=15
num_leaves=31
num_cat=0
split_feature=7 8 10 24 20 16 16 17 12 7 10 10 5 28 28 0 16 5 24 24 4 19 12 8 5 10 22 10 10 7
split_gain=2403.3 43.8244 30.8843 20.0825 10.4126 9.43043 6.79074 8.62077 5.3811 5.08755 8.37352 22.1513 4.26447 3.29347 3.23171 4.45304 8.9175 5.94517 14.716 2.61924 7.36553 3.65322 1.85637 4.22133 4.52212 0.830253 0.764737 0.642977 2.20826 0.460687
threshold=0.51299997548506993 0.38884896201321789 0.60559862803820652 5272.3549030000004 6.7213903993932211 0.025683266318926527 0.048762528934826209 0.11355328634303312 1.0399685015354996 0.044894239423942404 0.05001554793727795 0.047400561763998102 0.22339665180050525 0.93173865939290124 0.76776943391934072 0.11999999495999993 0.15132314663562421 -0.076350713383123145 193.16030750000002 123.92641000000002 0.034685436544015721 -4.5883146774112573 1.0005347584366369 0.95504429893048903 0.011834485882299507 0.36183173988573891 428.81919500000009 0.72334277203386355 0.66857547841877729 0.34000000189655188
decision_type=2 2 2 2 2 2 2 2 2 2 2 2 2 2 2 2 2 2 2 2 2 2 2 2 2 2 2 2 2 2
left_child=1 9 3 4 -2 -3 12 -8 13 -1 11 -11 19 -7 29 -16 17 18 -17 20 21 -4 27 24 -24 -20 -5 28 -23 -12
right_child=2 5 6 26 -6 8 7 -9 -10 10 14 -13 -14 -15 15 16 -18 -19 25 -21 -22 22 23 -25 -26 -27 -28 -29 -30 -31
leaf_value=-0.065261595033721198 -0.022686482019690968 -0.043301253004866723 0.030559174107914835 0.050944140214289869 0.03251160510958017 -0.0044163703984062127 0.062392575473173555 0.0082234819270183435 -0.027626276568675601 -0.066488026466842209 -0.064613082680507916 0.0035095637281460502 0.038925093215420432 0.032923379188600443 -0.064986653745863904 0.0054405285092501395 -0.016322066807457139 -0.065147906266026637 -0.066246371324402128 0.065484888828452548 0.024616659664993101 0.067979959217958894 0.013685869486457711 0.066278388643042516 0.058560845050407942 -0.050083040486667042 0.069785490949824586 0.064742229988526009 0.038627074308602627 -0.053704310208927936
leaf_weight=380.85180404782295 20.701209187507629 18.008926421403885 9.448349788784979 9.8778109103441256 14.548076242208479 11.508595436811449 16.310955017805103 13.361595734953879 10.971896976232527 27.115304782986641 196.41406457126141 19.381065964698792 18.930611804127693 12.129401981830595 71.378708809614182 12.332714840769766 17.584051966667175 59.534403324127197 17.349465101957321 436.70967265963554 14.407113730907438 16.492436006665233 10.691529199481012 28.223570942878723 11.821213752031325 14.656715273857115 11.841888740658758 226.77920418977737 10.478546410799025 10.179801806807516
leaf_count=2126 85 78 50 50 63 50 84 63 51 146 1072 81 96 50 387 57 86 323 94 2415 69 86 54 154 58 70 61 1249 55 53
internal_value=9.9203e-05 -0.0582017 0.0589875 0.0233979 9.48587e-05 -0.0139571 0.0614794 0.0380001 0.00131182 -0.0610175 -0.0573928 -0.037311 0.0623681 0.0147438 -0.0597304 -0.0550753 -0.0492506 -0.0548248 -0.0409639 0.0629481 0.0595741 0.0611784 0.0621285 0.0533976 0.0372493 -0.0588446 0.0612167 0.0638742 0.056576 -0.0640756
internal_weight=1750.02 879.397 870.624 56.969 35.2493 52.6188 813.655 29.6726 34.6099 826.778 445.926 46.4964 783.982 23.638 399.43 192.836 121.457 103.873 44.3389 765.052 328.342 313.935 304.487 50.7363 22.5127 32.0062 21.7197 253.75 26.971 206.594
internal_count=9416 4724 4692 259 148 229 4433 147 151 4495 2369 227 4286 100 2142 1017 630 544 221 4190 1775 1706 1656 266 112 164 111 1390 141 1125
is_linear=0
shrinkage=0.05


Tree=16
num_leaves=31
num_cat=0
split_feature=0 9 8 31 16 16 6 31 16 26 16 7 9 9 16 12 28 0 16 13 31 16 11 0 0 31 11 4 10 10
split_gain=2240.98 44.314 30.4814 11.3346 9.69231 13.0289 8.63792 9.83318 7.24908 8.51031 5.34357 5.20623 8.71524 20.9612 3.35733 3.33571 3.07134 4.77311 8.39778 8.12222 8.77622 2.68473 0.926753 0.873109 3.02822 0.973854 2.86912 1.04357 0.538009 2.10241
threshold=0.49000000180522463 0.60056180650580882 0.38884896201321789 12.500000000000002 0.029596701696356705 0.076267431779719036 0.21324796099254098 4.5000000000000009 0.048762528934826209 -0.14787124698221624 0.042079631227098888 0.044894239423942404 0.049999999999999996 0.04904859972839358 0.059349695357515782 1.0115540967290781 0.76776943391934072 0.11999999495999993 0.15132314663562421 0.92360458748237961 7.5000000000000009 0.028556473894942293 0.86757494174382743 0.95500000881250025 0.95200003502333785 4.5000000000000009 1.0309084920540454 -0.040555291003037328 0.72334277203386355 0.67258333333333342
decision_type=2 2 2 2 2 2 2 2 2 2 2 2 2 2 2 2 2 2 2 2 2 2 2 2 2 2 2 2 2 2
left_child=2 4 11 -4 15 -6 8 -8 23 -10 -5 -1 13 21 -9 -2 -14 -18 19 20 -19 -13 -22 24 25 26 27 -3 29 -29
right_child=1 6 3 10 5 -7 7 14 9 -11 -12 12 16 -15 -16 -17 17 18 -20 -21 22 -23 -24 -25 -26 -27 -28 28 -30 -31
leaf_value=-0.064297498908405373 0.018163746426513874 0.047564997140038291 0.0099263323813234324 -0.066458951435944089 -0.036923199925007942 0.030845373454542309 0.014706683899673235 0.061972323788187483 0.067347349142275303 0.0054865403191400762 -0.018601946259843436 -0.035711719172856253 -0.062991776187235074 0.026938992586210304 0.029769074856010637 0.055745894201229232 -0.064389385331812862 0.0006946938539510129 -0.015407930403922371 -0.063880206628758748 -0.040108517990037923 -0.064300737673822703 -0.06021302496917972 0.064367269734985966 0.034456931417349006 0.064331989564128153 0.037157243100157618 0.065914765450748605 0.063912501718677517 0.03857548232426683
leaf_weight=367.57090535759926 12.181642338633539 13.303163707256315 20.555458068847656 10.939998120069506 15.979869946837427 12.752261236310003 20.915251389145851 40.225918427109718 10.239820078015329 12.164461120963095 12.494479119777678 12.924125730991362 198.15220582485199 10.370997890830038 10.132055416703222 11.457546666264532 70.222244024276733 11.968860343098639 16.995581418275833 65.250510737299919 9.8023156076669711 22.522345960140228 13.804915487766264 361.24844893813133 10.534654423594473 170.50128298997879 13.843887493014334 20.280148997902874 106.84745714068413 10.764673754572867
leaf_count=2126 55 72 90 50 68 55 92 216 54 59 54 60 1116 46 52 51 392 57 84 362 50 124 74 2084 55 972 70 111 607 58
internal_value=9.70642e-05 0.0572248 -0.0576942 -0.0171731 0.0126652 -0.00684529 0.0601382 0.0435242 0.0617609 0.0337599 -0.0409432 -0.0599235 -0.056202 -0.0355839 0.055493 0.0363792 -0.0586481 -0.0540709 -0.047921 -0.0534015 -0.0341824 -0.0538769 -0.0518651 0.0626479 0.0608531 0.0616818 0.0589439 0.0609388 0.062229 0.056435
internal_weight=1696.95 853.373 843.575 43.9899 52.3713 28.7321 801.001 71.2732 729.728 22.4043 23.4345 799.585 432.014 45.8175 50.358 23.6392 386.197 188.044 117.822 100.827 35.5761 35.4465 23.6072 707.324 346.075 335.541 165.039 151.195 137.892 31.0448
internal_count=9416 4731 4685 194 229 123 4502 360 4142 113 104 4491 2365 230 268 106 2135 1019 627 543 181 184 124 4029 1945 1890 918 848 776 169
is_linear=0
shrinkage=0.05


Tree=17
num_leaves=31
num_cat=0
split_feature=7 8 10 24 10 16 13 6 31 16 31 7 9 9 24 14 28 0 16 13 24 24 15 11 20 10 10 31 7 25
split_gain=2091.04 41.5533 29.6598 18.9257 9.52322 8.51067 9.7699 7.25406 12.7492 7.66188 8.42721 5.33876 8.56976 19.4863 5.53719 4.23043 3.09545 4.71353 8.2472 8.13752 18.5824 1.24814 4.1998 1.71224 3.11744 0.970956 2.22876 0.950492 0.849557 0.758992
threshold=0.51299997548506993 0.38884896201321789 0.60559862803820652 5272.3549030000004 0.54638757343460764 0.025683266318926527 1.0334278180362613 0.21324796099254098 4.5000000000000009 0.048762528934826209 42.500000000000007 0.044894239423942404 0.049999999999999996 0.04904859972839358 137.25551550000003 0.022459012721781527 0.76776943391934072 0.11999999495999993 0.15132314663562421 0.92360458748237961 469.80650000000009 90.199162500000014 0.0063782928275675577 1.0019330481064459 3.6509271828109573 0.72334277203386355 0.66857547841877729 31.500000000000004 0.78999999604998827 0.034931982846251944
decision_type=2 2 2 2 2 2 2 2 2 2 2 2 2 2 2 2 2 2 2 2 2 2 2 2 2 2 2 2 2 2
left_child=1 11 3 4 -2 -3 15 9 -9 21 -11 -1 13 14 -13 -7 -14 -18 19 20 -19 22 23 25 -25 26 -4 -22 -10 -5
right_child=2 5 7 29 -6 6 -8 8 28 10 -12 12 16 -15 -16 -17 17 18 -20 -21 27 -23 -24 24 -26 -27 -28 -29 -30 -31
leaf_value=-0.063407228364846288 0.022383865054505566 -0.040922669098652054 0.065299849382238526 0.048963087995822031 -0.030149449151140158 0.040286043107146313 -0.038017588281367642 0.0093371580458079702 0.047687322514084696 -0.00057371720306647917 0.059837565641325308 -0.022751988466788137 -0.061992301792598514 0.025440953799578638 -0.065982043354817471 -0.0019317317258730966 -0.063370153997618792 0.022381719103720037 -0.014998879362774825 -0.063074298396630868 -0.064770045912330806 0.06340990878954382 0.036240014709627594 0.026677552944430912 0.060716592387232086 0.063382028978479318 0.033659204001185876 -0.044493329622489405 0.064850434330059298 0.068140420515108824
leaf_weight=354.42826944589615 19.479386433959007 17.721966043114662 13.827003061771395 9.5138530284166354 15.484595954418181 12.100681468844416 10.669365733861921 19.464317128062248 10.179769992828367 10.538337394595148 12.765827998518942 10.752598226070402 191.65232899785042 10.430989921092985 23.808514654636383 11.643361061811445 67.844423919916153 10.562928631901739 17.360220223665237 63.321259185671806 15.054617896676065 411.7872758358717 18.791782096028328 9.9623980820179003 20.708227917551994 199.95260818302631 9.3150715678930265 9.3809117376804334 24.71546097099781 11.272624269127844
leaf_count=2126 82 78 78 50 66 51 50 86 54 51 67 50 1117 46 134 50 392 48 86 363 81 2448 98 54 116 1189 51 52 141 61
internal_value=9.50195e-05 -0.0559795 0.0567849 0.0215805 -0.00088171 -0.0127717 0.00172529 0.0593605 0.0417589 0.0607126 0.0325191 -0.0588876 -0.0550752 -0.034455 -0.0525324 0.0195837 -0.057548 -0.0529069 -0.0467703 -0.0523802 -0.0330317 0.0616727 0.059048 0.060737 0.0496601 0.0622598 0.052564 -0.0569857 0.0598435 0.0593631
internal_weight=1644.49 826.732 817.759 55.7505 34.964 52.1354 34.4134 762.008 54.3595 707.649 23.3042 774.597 420.169 44.9921 34.5611 23.744 375.177 183.524 115.68 98.3197 34.9985 684.344 272.557 253.765 30.6706 223.095 23.1421 24.4355 34.8952 20.7865
internal_count=9416 4724 4692 259 148 229 151 4433 281 4152 118 4495 2369 230 184 101 2139 1022 630 544 181 4034 1586 1488 170 1318 129 133 195 111
is_linear=0
shrinkage=0.05


Tree=18
num_leaves=31
num_cat=0
split_feature=0 9 8 31 31 16 16 6 31 16 26 7 9 9 5 28 28 10 28 0 17 10 6 23 14 0 0 31 11 15
split_gain=1952.55 42.2765 29.2743 11.6136 13.639 8.92523 11.6192 8.67178 9.0723 7.2208 8.20825 5.12519 8.63212 18.1425 4.45155 3.42068 3.30822 2.75984 2.6614 4.28706 6.35782 17.5313 5.33792 9.68587 2.51287 0.960152 3.13697 1.02887 2.96481 0.840839
threshold=0.49000000180522463 0.60056180650580882 0.37526934040758692 14.500000000000002 4.5000000000000009 0.029596701696356705 0.076267431779719036 0.21324796099254098 4.5000000000000009 0.048762528934826209 -0.14787124698221624 0.044894239423942404 0.049999999999999996 0.04904859972839358 0.035773110618981481 0.86144566754524643 0.75006485466561468 0.047400561763998102 0.63426397092476672 0.11999999495999993 0.22259759759759754 0.19329099651295414 -0.51933462635053795 1255.3400130000002 0.095033526455822512 0.95500000881250025 0.95200003502333785 4.5000000000000009 1.0309084920540454 0.0086900979087958952
decision_type=2 2 2 2 2 2 2 2 2 2 2 2 2 2 2 2 2 2 2 2 2 2 2 2 2 2 2 2 2 2
left_child=2 5 11 4 -4 14 -7 9 -9 25 -11 -1 13 17 -2 -5 -10 -13 -14 -20 24 -22 23 -23 -21 26 27 28 29 -3
right_child=1 7 3 15 -6 6 -8 8 16 10 -12 12 18 -15 -16 -17 -18 -19 19 20 21 22 -24 -25 -26 -27 -28 -29 -30 -31
leaf_value=-0.062583582562950241 0.011599138451870161 0.0602373753115946 -0.031602833571675162 -0.057877477943101767 0.044536925312836421 -0.035658782329186449 0.028565113226595825 0.013606894811343332 0.033378767881436448 0.065630788181300165 0.0037403325748074016 -0.063645896806704072 -0.061947101669689135 0.024041055417967271 0.055487449839775584 -0.021326663703099123 0.061961270983607979 -0.034705162569859629 -0.062532004072789846 -0.061345286518186298 0.027257105000004563 0.003587775447446543 -0.062082939850081932 -0.061454712445650428 -0.032966827318438682 0.062655325258990799 0.031348983906928793 0.062548764977803067 0.034237111699620661 0.047478239452257001
leaf_weight=341.46659059822559 11.085920691490175 127.03244177997112 11.575455099344255 14.246378421783449 11.957297056913374 15.949431508779528 12.610537782311438 20.779235273599625 14.597439885139464 9.6994980275630969 11.96683096885681 19.278664276003838 148.33565390110016 10.485021740198134 12.066310569643973 11.624065458774565 33.031321436166763 14.383771419525145 77.164776995778084 62.189242884516716 9.3407462239265424 11.269836589694025 27.66217577457428 11.631069108843802 8.9195057451724988 335.80216097831726 10.055537417531012 158.70512787997723 13.287051305174826 14.37353555858135
leaf_count=2126 51 766 55 69 50 68 55 92 79 54 59 115 901 46 55 51 189 69 463 373 49 53 150 65 50 2084 55 972 70 82
internal_value=9.31959e-05 0.0551268 -0.0556017 -0.0183333 0.00708477 0.0114016 -0.00730098 0.0581443 0.0411743 0.0598492 0.0314472 -0.0580827 -0.0542467 -0.033391 0.0344725 -0.0414545 0.0532012 -0.0512797 -0.0568293 -0.0531827 -0.0476761 -0.0356755 -0.0473013 -0.0294464 -0.0577856 0.0607826 0.0588384 0.0597204 0.0568186 0.0589404
internal_weight=1592.57 801.042 791.53 49.4032 23.5328 51.7122 28.56 749.33 68.408 680.922 21.6663 742.127 400.66 44.1475 23.1522 25.8704 47.6288 33.6624 356.513 208.177 131.013 59.9038 50.5631 22.9009 71.1087 659.256 323.454 313.398 154.693 141.406
internal_count=9416 4731 4685 225 105 229 123 4502 360 4142 113 4460 2334 230 106 120 268 184 2104 1203 740 317 268 118 423 4029 1945 1890 918 848
is_linear=0
shrinkage=0.05


Tree=19
num_leaves=31
num_cat=0
split_feature=7 10 9 23 24 13 16 17 6 6 23 9 24 7 9 9 24 4 13 24 9 7 24 4 15 18 23 12 18 10
split_gain=1824.79 46.1329 23.5582 14.3397 13.0603 11.122 7.57899 8.8314 8.03001 10.0088 7.67829 6.33725 6.10532 5.19025 8.54202 16.8915 5.6153 3.34915 3.84311 13.3881 2.67828 1.48881 1.46461 4.79951 1.89463 1.20588 4.05415 0.648911 1.54703 1.05531
threshold=0.47278745005741191 0.60559862803820652 0.38800718504768344 593.82579050000015 4337.7842960000007 1.0227412308087633 0.048762528934826209 0.11355328634303312 0.21324796099254098 0.28768207245178096 59.03916250000001 0.45034975254063425 5272.3549030000004 0.044894239423942404 0.049999999999999996 0.04904859972839358 137.25551550000003 0.56146531272059053 0.90858677666591869 273.59661150000005 0.29547176414382276 0.63100000000000012 90.199162500000014 0.004889063103526191 0.0082152104399593525 0.44444444588026305 196.39886250000004 1.0020091445866177 4.8181833160924119e-09 0.72334277203386355
decision_type=2 2 2 2 2 2 2 2 2 2 2 2 2 2 2 2 2 2 2 2 2 2 2 2 2 2 2 2 2 2
left_child=2 3 13 5 11 -2 8 -8 22 10 -10 -4 -5 -1 15 16 -15 18 19 -16 -21 -14 23 24 27 -20 -27 29 -29 -3
right_child=1 6 4 12 -6 -7 7 -9 9 -11 -12 -13 21 14 17 -17 -18 -19 25 20 -22 -23 -24 -25 -26 26 -28 28 -30 -31
leaf_value=-0.061818676218460017 -0.042529549914173986 0.050172485373485745 0.01602167670732834 0.011931080898370212 -0.064498292116113215 0.018705927888023804 0.058999372489724644 0.003394186947346064 -0.0066265614088465725 0.06240353353544105 0.050876494541485268 -0.028479222764709097 0.038651833600683645 -0.019926406328815118 -0.010325420226665612 0.022730680615914555 -0.064260455931230837 -0.033932992270134424 -0.061890993371488193 -0.062512059326059785 -0.03960286326635673 0.065507862830327182 0.061999127033647343 0.031397637155539025 0.035603805206686177 -0.02338036680697397 -0.063083705158657563 0.035866247608267544 0.06449380179291507 0.061798577159462631
leaf_weight=328.54543074965477 14.807257547974588 21.774442568421364 18.421254321932793 16.330590009689331 11.907805711030958 14.853067532181738 14.877811864018442 13.730837583541868 14.584351345896723 22.825244531035423 9.644081383943556 14.142070636153219 9.7826038002967852 10.512355148792265 18.459270611405373 10.533689960837362 22.279302522540092 16.507153421640396 201.73381561040878 61.064982429146767 16.127093881368637 10.922383189201353 383.64984145760536 16.944487288594246 8.3896710872650129 9.1559378504753131 21.593019112944603 8.9693437516689318 9.9592627137899381 188.41349567472935
leaf_count=2125 61 129 80 69 59 66 84 67 64 133 55 61 52 50 92 46 134 94 1268 383 87 63 2453 93 47 51 133 54 58 1205
internal_value=9.08978e-05 0.0538096 -0.0550026 0.0140421 -0.0196903 -0.0118645 0.0575256 0.0323114 0.0585784 0.038645 0.0162624 -0.00330482 0.0347898 -0.0571943 -0.0532782 -0.0323532 -0.0500478 -0.0559087 -0.0570142 -0.0485783 -0.0577258 0.052819 0.0600483 0.0571069 0.0589411 -0.0604851 -0.0512615 0.0597956 0.0509286 0.0605942
internal_weight=1541.44 780.459 760.983 66.6959 44.4711 29.6603 713.763 28.6086 685.154 47.0537 24.2284 32.5633 37.0356 716.512 387.967 43.3253 32.7917 344.641 328.134 95.6513 77.1921 20.705 638.101 254.451 237.506 232.483 30.749 229.117 18.9286 210.188
internal_count=9416 4753 4663 311 200 127 4442 151 4291 252 119 141 184 4463 2338 230 184 2108 2014 562 470 115 4039 1586 1493 1452 184 1446 112 1334
is_linear=0
shrinkage=0.05


end of trees

feature_importances:
vol_total_60=77
ma_120=71
ma_60=48
vol_60=41
price=39
ma_5=32
ma60_over_ma120=32
ret_120h=30
buy_ratio_60=27
n_trades_60=25
vol_20=19
log_price=18
ret_24h=15
ret_72h=15
dd_120=15
ma_20=14
dd_60=13
vol_total_20=12
ma5_over_ma60=11
ret_6h=10
ma20_over_ma60=8
momentum_z_20=6
momentum_z_60=6
vol_zscore_60=6
vol_total_5=4
vol_5=3
vol_ratio_5_60=2
buy_ratio_20=1

parameters:
[boosting: gbdt]
[objective: binary]
[metric: binary_logloss]
[tree_learner: serial]
[device_type: cpu]
[data_sample_strategy: bagging]
[data: ]
[valid: ]
[num_iterations: 500]
[learning_rate: 0.05]
[num_leaves: 31]
[num_threads: 0]
[seed: 0]
[deterministic: 0]
[force_col_wise: 0]
[force_row_wise: 0]
[histogram_pool_size: -1]
[max_depth: -1]
[min_data_in_leaf: 50]
[min_sum_hessian_in_leaf: 0.001]
[bagging_fraction: 0.8]
[pos_bagging_fraction: 1]
[neg_bagging_fraction: 1]
[bagging_freq: 5]
[bagging_seed: 3]
[bagging_by_query: 0]
[feature_fraction: 0.8]
[feature_fraction_bynode: 1]
[feature_fraction_seed: 2]
[extra_trees: 0]
[extra_seed: 6]
[early_stopping_round: 0]
[early_stopping_min_delta: 0]
[first_metric_only: 0]
[max_delta_step: 0]
[lambda_l1: 0]
[lambda_l2: 0]
[linear_lambda: 0]
[min_gain_to_split: 0]
[drop_rate: 0.1]
[max_drop: 50]
[skip_drop: 0.5]
[xgboost_dart_mode: 0]
[uniform_drop: 0]
[drop_seed: 4]
[top_rate: 0.2]
[other_rate: 0.1]
[min_data_per_group: 100]
[max_cat_threshold: 32]
[cat_l2: 10]
[cat_smooth: 10]
[max_cat_to_onehot: 4]
[top_k: 20]
[monotone_constraints: ]
[monotone_constraints_method: basic]
[monotone_penalty: 0]
[feature_contri: ]
[forcedsplits_filename: ]
[refit_decay_rate: 0.9]
[cegb_tradeoff: 1]
[cegb_penalty_split: 0]
[cegb_penalty_feature_lazy: ]
[cegb_penalty_feature_coupled: ]
[path_smooth: 0]
[interaction_constraints: ]
[verbosity: -1]
[saved_feature_importance_type: 0]
[use_quantized_grad: 0]
[num_grad_quant_bins: 4]
[quant_train_renew_leaf: 0]
[stochastic_rounding: 1]
[linear_tree: 0]
[max_bin: 255]
[max_bin_by_feature: ]
[min_data_in_bin: 3]
[bin_construct_sample_cnt: 200000]
[data_random_seed: 1]
[is_enable_sparse: 1]
[enable_bundle: 1]
[use_missing: 1]
[zero_as_missing: 0]
[feature_pre_filter: 1]
[pre_partition: 0]
[two_round: 0]
[header: 0]
[label_column: ]
[weight_column: ]
[group_column: ]
[ignore_column: ]
[categorical_feature: ]
[forcedbins_filename: ]
[precise_float_parser: 0]
[parser_config_file: ]
[objective_seed: 5]
[num_class: 1]
[is_unbalance: 0]
[scale_pos_weight: 1]
[sigmoid: 1]
[boost_from_average: 1]
[reg_sqrt: 0]
[alpha: 0.9]
[fair_c: 1]
[poisson_max_delta_step: 0.7]
[tweedie_variance_power: 1.5]
[lambdarank_truncation_level: 30]
[lambdarank_norm: 1]
[label_gain: ]
[lambdarank_position_bias_regularization: 0]
[eval_at: ]
[multi_error_top_k: 1]
[auc_mu_weights: ]
[num_machines: 1]
[local_listen_port: 12400]
[time_out: 120]
[machine_list_filename: ]
[machines: ]
[gpu_platform_id: -1]
[gpu_device_id: -1]
[gpu_use_dp: 0]
[num_gpu: 1]

end of parameters

pandas_categorical:null
